update tasks_solved
0 1

100 74

200 115

300 101

400 106

500 117

600 108

700 107

800 103

900 97

1000 106

1100 85

1200 120

1300 159

1400 123

1500 129

1600 101

1700 111

1800 137

1900 100

2000 152

2100 121

2200 69

2300 101

2400 100

2500 103

2600 110

2700 113

2800 126

2900 77

3000 134

3100 127

3200 100

3300 105

3400 106

3500 119

3600 113

3700 106

3800 109

3900 102

4000 108

4100 147

4200 117

4300 94

4400 122

4500 104

4600 101

4700 131

4800 105

4900 104

5000 107

5100 117

5200 103

5300 115

5400 100

5500 109

5600 88

5700 117

5800 101

5900 82

6000 112

6100 92

6200 124

6300 117

6400 91

6500 103

6600 159

6700 135

6800 148

6900 106

7000 109

7100 99

7200 139

7300 117

7400 86

7500 151

7600 136

7700 129

7800 119

7900 102

8000 138

8100 103

8200 74

8300 106

8400 122

8500 81

8600 113

8700 106

8800 103

8900 136

9000 105

9100 91

9200 156

9300 142

9400 157

9500 80

9600 75

9700 87

9800 120

9900 85

10000 97

10100 91

10200 113

10300 112

10400 121

10500 96

10600 98

10700 101

10800 96

10900 102

11000 121

11100 126

11200 136

11300 72

11400 91

11500 129

11600 149

11700 112

11800 93

11900 141

12000 65

12100 143

12200 84

12300 120

12400 92

12500 106

12600 125

12700 62

12800 130

12900 112

13000 84

13100 64

13200 116

13300 127

13400 95

13500 117

13600 90

13700 77

13800 83

13900 130

14000 94

14100 99

14200 87

14300 84

14400 143

14500 101

14600 138

14700 132

14800 93

14900 104

15000 102

15100 116

15200 132

15300 86

15400 111

15500 134

15600 106

15700 114

15800 92

15900 102

16000 91

16100 117

16200 109

16300 78

16400 65

16500 98

16600 137

16700 124

16800 75

16900 100

17000 109

17100 162

17200 114

17300 118

17400 106

17500 80

17600 142

17700 105

17800 126

17900 74

18000 136

18100 100

18200 94

18300 69

18400 141

18500 107

18600 113

18700 114

18800 132

18900 161

19000 124

19100 70

19200 142

19300 104

19400 77

19500 85

19600 86

19700 113

19800 142

19900 128

20000 102

20100 116

20200 131

20300 119

20400 95

20500 73

20600 82

20700 150

20800 90

20900 146

21000 97

21100 95

21200 104

21300 116

21400 95

21500 85

21600 116

21700 93

21800 86

21900 104

22000 50

22100 108

22200 70

22300 130

22400 106

22500 135

22600 78

22700 100

22800 108

22900 112

23000 74

23100 136

23200 132

23300 121

23400 99

23500 93

23600 90

23700 92

23800 117

23900 96

24000 94

24100 126

24200 99

24300 119

24400 97

24500 140

24600 107

24700 106

24800 83

24900 120

25000 70

25100 115

25200 140

25300 95

25400 80

25500 92

25600 112

25700 108

25800 100

25900 137

26000 81

26100 86

26200 75

26300 106

26400 113

26500 79

26600 104

26700 87

26800 98

26900 128

27000 152

27100 74

27200 86

27300 133

27400 127

27500 112

27600 115

27700 101

27800 122

27900 107

28000 110

28100 110

28200 113

28300 88

28400 130

28500 114

28600 110

28700 94

28800 102

28900 102

29000 111

29100 124

29200 100

29300 99

29400 82

29500 135

29600 120

29700 86

29800 111

29900 112

30000 110

30100 96

30200 107

30300 113

30400 123

30500 86

30600 113

30700 113

30800 121

30900 123

31000 90

31100 117

31200 123

31300 128

31400 108

31500 89

31600 74

31700 82

31800 104

31900 77

32000 171

32100 91

32200 100

32300 118

32400 90

32500 111

32600 120

32700 140

32800 108

32900 127

33000 153

33100 110

33200 105

33300 145

33400 64

33500 98

33600 114

33700 101

33800 95

33900 106

34000 98

34100 92

34200 124

34300 95

34400 102

34500 103

34600 88

34700 135

34800 107

34900 118

35000 86

35100 116

35200 79

35300 114

35400 110

35500 90

35600 100

35700 99

35800 148

35900 108

36000 142

36100 153

36200 90

36300 122

36400 134

36500 58

36600 121

36700 102

36800 96

36900 96

37000 125

37100 116

37200 60

37300 88

37400 151

37500 135

37600 106

37700 125

37800 55

37900 102

38000 114

38100 125

38200 120

38300 155

38400 133

38500 140

38600 100

38700 131

38800 80

38900 128

39000 113

39100 94

39200 92

39300 126

39400 93

39500 165

39600 87

39700 84

39800 94

39900 123

40000 98

40100 110

40200 132

40300 136

40400 117

40500 103

40600 118

40700 69

40800 97

40900 132

41000 84

41100 89

41200 116

41300 114

41400 141

41500 108

41600 91

41700 99

41800 99

41900 89

42000 82

42100 95

42200 152

42300 90

42400 148

42500 113

42600 105

42700 80

42800 85

42900 108

43000 103

43100 96

43200 125

43300 110

43400 104

43500 128

43600 112

43700 100

43800 106

43900 99

44000 106

44100 120

44200 126

44300 81

44400 120

44500 91

44600 100

44700 104

44800 150

44900 126

45000 86

45100 122

45200 97

45300 138

45400 114

45500 103

45600 139

45700 76

45800 131

45900 126

46000 118

46100 120

46200 107

46300 116

46400 141

46500 71

46600 139

46700 109

46800 57

46900 170

47000 105

47100 73

47200 127

47300 81

47400 105

47500 123

47600 129

47700 99

47800 101

47900 85

48000 118

48100 150

48200 85

48300 92

48400 99

48500 111

48600 100

48700 74

48800 102

48900 121

49000 124

49100 104

49200 103

49300 117

49400 153

49500 127

49600 94

49700 95

49800 105

49900 111

50000 139

50100 102

50200 114

50300 112

50400 126

50500 131

50600 118

50700 86

50800 103

50900 102

51000 105

51100 133

51200 102

51300 66

51400 113

51500 72

51600 102

51700 99

51800 106

51900 111

52000 87

52100 126

52200 125

52300 96

52400 123

52500 125

52600 84

52700 94

52800 140

52900 98

53000 99

53100 84

53200 89

53300 94

53400 105

53500 119

53600 76

53700 112

53800 110

53900 129

54000 115

54100 105

54200 101

54300 169

54400 102

54500 131

54600 133

54700 110

54800 118

54900 124

55000 98

55100 117

55200 156

55300 102

55400 123

55500 103

55600 93

55700 137

55800 120

55900 97

56000 95

56100 110

56200 114

56300 98

56400 111

56500 102

56600 109

56700 81

56800 140

56900 113

57000 104

57100 123

57200 121

57300 169

57400 130

57500 160

57600 119

57700 65

57800 114

57900 90

58000 86

58100 108

58200 124

58300 135

58400 113

58500 127

58600 112

58700 79

58800 99

58900 116

59000 125

59100 96

59200 112

59300 98

59400 88

59500 142

59600 60

59700 111

59800 82

59900 83

60000 131

60100 83

60200 89

60300 118

60400 79

60500 89

60600 73

60700 130

60800 131

60900 85

61000 128

61100 110

61200 109

61300 85

61400 71

61500 118

61600 92

61700 84

61800 128

61900 100

62000 118

62100 91

62200 108

62300 106

62400 100

62500 116

62600 87

62700 78

62800 109

62900 112

63000 93

63100 115

63200 95

63300 97

63400 124

63500 89

63600 94

63700 82

63800 143

63900 114

64000 125

64100 117

64200 116

64300 95

64400 78

64500 129

64600 105

64700 169

64800 100

64900 110

65000 114

65100 110

65200 107

65300 85

65400 127

65500 94

65600 136

65700 103

65800 101

65900 122

66000 110

66100 110

66200 169

66300 91

66400 98

66500 69

66600 109

66700 106

66800 116

66900 106

67000 88

67100 110

67200 98

67300 107

67400 136

67500 122

67600 86

67700 92

67800 104

67900 119

68000 111

68100 134

68200 139

68300 172

68400 151

68500 83

68600 112

68700 106

68800 101

68900 147

69000 164

69100 163

69200 91

69300 83

69400 134

69500 87

69600 127

69700 110

69800 109

69900 92

70000 106

70100 101

70200 111

70300 64

70400 88

70500 118

70600 116

70700 71

70800 91

70900 81

71000 126

71100 88

71200 129

71300 128

71400 137

71500 80

71600 141

71700 108

71800 108

71900 128

72000 108

72100 97

72200 130

72300 139

72400 129

72500 90

72600 77

72700 105

72800 125

72900 125

73000 84

73100 118

73200 114

73300 97

73400 99

73500 98

73600 106

73700 108

73800 99

73900 118

74000 126

74100 64

74200 130

74300 119

74400 85

74500 125

74600 84

74700 105

74800 121

74900 130

75000 97

75100 123

75200 113

75300 65

75400 88

75500 96

75600 144

75700 75

75800 141

75900 143

76000 102

76100 72

76200 105

76300 107

76400 102

76500 104

76600 115

76700 124

76800 125

76900 140

77000 116

77100 67

77200 79

77300 109

77400 73

77500 114

77600 68

77700 100

77800 116

77900 74

78000 102

78100 72

78200 79

78300 113

78400 142

78500 144

78600 150

78700 168

78800 123

78900 165

79000 136

79100 111

79200 80

79300 127

79400 96

79500 125

79600 102

79700 98

79800 85

79900 108

80000 136

80100 128

80200 78

80300 98

80400 180

80500 119

80600 73

80700 107

80800 85

80900 156

81000 97

81100 114

81200 69

81300 75

81400 92

81500 120

81600 128

81700 108

81800 146

81900 95

82000 100

82100 89

82200 124

82300 84

82400 156

82500 86

82600 84

82700 62

82800 81

82900 108

83000 112

83100 102

83200 128

83300 99

83400 86

83500 92

83600 89

83700 85

83800 73

83900 115

84000 79

84100 117

84200 101

84300 55

84400 110

84500 76

84600 130

84700 109

84800 70

84900 153

85000 95

85100 121

85200 158

85300 89

85400 137

85500 94

85600 95

85700 63

85800 118

85900 112

86000 106

86100 125

86200 119

86300 101

86400 185

86500 128

86600 69

86700 115

86800 128

86900 125

87000 120

87100 168

87200 120

87300 111

87400 88

87500 97

87600 101

87700 115

87800 124

87900 76

88000 143

88100 132

88200 106

88300 141

88400 139

88500 142

88600 76

88700 103

88800 140

88900 94

89000 146

89100 110

89200 103

89300 122

89400 98

89500 138

89600 100

89700 112

89800 95

89900 78

90000 166

90100 120

90200 127

90300 123

90400 65

90500 111

90600 143

90700 96

90800 129

90900 89

91000 114

91100 67

91200 123

91300 118

91400 78

91500 117

91600 109

91700 111

91800 134

91900 120

92000 121

92100 175

92200 115

92300 104

92400 105

92500 111

92600 113

92700 129

92800 135

92900 122

93000 106

93100 96

93200 79

93300 86

93400 109

93500 113

93600 94

93700 101

93800 141

93900 117

94000 84

94100 91

94200 80

94300 128

94400 136

94500 106

94600 109

94700 109

94800 104

94900 83

95000 144

95100 121

95200 80

95300 108

95400 108

95500 120

95600 130

95700 76

95800 93

95900 57

96000 69

96100 108

96200 108

96300 96

96400 125

96500 103

96600 118

96700 100

96800 138

96900 147

97000 84

97100 131

97200 127

97300 157

97400 125

97500 103

97600 102

97700 147

97800 127

97900 112

98000 113

98100 109

98200 118

98300 101

98400 106

98500 82

98600 129

98700 120

98800 106

98900 109

99000 125

99100 121

99200 125

99300 90

99400 133

99500 97

99600 110

99700 119

99800 98

99900 104

100000 0

100100 0

100200 0

100300 0

100400 0

100500 0

100600 0

100700 0

100800 0

100900 0

101000 0

101100 0

101200 0

101300 0

101400 0

101500 0

101600 0

101700 0

101800 0

101900 0

102000 0

102100 0

102200 0

102300 0

102400 0

102500 0

102600 0

102700 0

102800 0

102900 0

103000 0

103100 0

103200 0

103300 0

103400 0

103500 0

103600 0

103700 0

103800 0

103900 0

104000 0

104100 0

104200 0

104300 0

104400 0

104500 0

104600 0

104700 0

104800 0

104900 0

105000 0

105100 0

105200 0

105300 0

105400 0

105500 0

105600 0

105700 0

105800 0

105900 0

106000 0

106100 0

106200 0

106300 0

106400 0

106500 0

106600 0

106700 0

106800 0

106900 0

107000 0

107100 0

107200 0

107300 0

107400 0

107500 0

107600 0

107700 0

107800 0

107900 0

108000 0

108100 0

108200 0

108300 0

108400 0

108500 0

108600 0

108700 0

108800 0

108900 0

109000 0

109100 0

109200 0

109300 0

109400 0

109500 0

109600 0

109700 0

109800 0

109900 0

110000 0

110100 0

110200 0

110300 0

110400 0

110500 0

110600 0

110700 0

110800 0

110900 0

111000 0

111100 0

111200 0

111300 0

111400 0

111500 0

111600 0

111700 0

111800 0

111900 0

112000 0

112100 0

112200 0

112300 0

112400 0

112500 0

112600 0

112700 0

112800 0

112900 0

113000 0

113100 0

113200 0

113300 0

113400 0

113500 0

113600 0

113700 0

113800 0

113900 0

114000 0

114100 0

114200 0

114300 0

114400 0

114500 0

114600 0

114700 0

114800 0

114900 0

115000 0

115100 0

115200 0

115300 0

115400 0

115500 0

115600 0

115700 0

115800 0

115900 0

116000 0

116100 0

116200 0

116300 0

116400 0

116500 0

116600 0

116700 0

116800 0

116900 0

117000 0

117100 0

117200 0

117300 0

117400 0

117500 0

117600 0

117700 0

117800 0

117900 0

118000 0

118100 0

118200 0

118300 0

118400 0

118500 0

118600 0

118700 0

118800 0

118900 0

119000 0

119100 0

119200 0

119300 0

119400 0

119500 0

119600 0

119700 0

119800 0

119900 0

120000 0

120100 0

120200 0

120300 0

120400 0

120500 0

120600 0

120700 0

120800 0

120900 0

121000 0

121100 0

121200 0

121300 0

121400 0

121500 0

121600 0

121700 0

121800 0

121900 0

122000 0

122100 0

122200 0

122300 0

122400 0

122500 0

122600 0

122700 0

122800 0

122900 0

123000 0

123100 0

123200 0

123300 0

123400 0

123500 0

123600 0

123700 0

123800 0

123900 0

124000 0

124100 0

124200 0

124300 0

124400 0

124500 0

124600 0

124700 0

124800 0

124900 0

125000 0

125100 0

125200 0

125300 0

125400 0

125500 0

125600 0

125700 0

125800 0

125900 0

126000 0

126100 0

126200 0

126300 0

126400 0

126500 0

126600 0

126700 0

126800 0

126900 0

127000 0

127100 0

127200 0

127300 0

127400 0

127500 0

127600 0

127700 0

127800 0

127900 0

128000 0

128100 0

128200 0

128300 0

128400 0

128500 0

128600 0

128700 0

128800 0

128900 0

129000 0

129100 0

129200 0

129300 0

129400 0

129500 0

129600 0

129700 0

129800 0

129900 0

130000 0

130100 0

130200 0

130300 0

130400 0

130500 0

130600 0

130700 0

130800 0

130900 0

131000 0

131100 0

131200 0

131300 0

131400 0

131500 0

131600 0

131700 0

131800 0

131900 0

132000 0

132100 0

132200 0

132300 0

132400 0

132500 0

132600 0

132700 0

132800 0

132900 0

133000 0

133100 0

133200 0

133300 0

133400 0

133500 0

133600 0

133700 0

133800 0

133900 0

134000 0

134100 0

134200 0

134300 0

134400 0

134500 0

134600 0

134700 0

134800 0

134900 0

135000 0

135100 0

135200 0

135300 0

135400 0

135500 0

135600 0

135700 0

135800 0

135900 0

136000 0

136100 0

136200 0

136300 0

136400 0

136500 0

136600 0

136700 0

136800 0

136900 0

137000 0

137100 0

137200 0

137300 0

137400 0

137500 0

137600 0

137700 0

137800 0

137900 0

138000 0

138100 0

138200 0

138300 0

138400 0

138500 0

138600 0

138700 0

138800 0

138900 0

139000 0

139100 0

139200 0

139300 0

139400 0

139500 0

139600 0

139700 0

139800 0

139900 0

140000 0

140100 0

140200 0

140300 0

140400 0

140500 0

140600 0

140700 0

140800 0

140900 0

141000 0

141100 0

141200 0

141300 0

141400 0

141500 0

141600 0

141700 0

141800 0

141900 0

142000 0

142100 0

142200 0

142300 0

142400 0

142500 0

142600 0

142700 0

142800 0

142900 0

143000 0

143100 0

143200 0

143300 0

143400 0

143500 0

143600 0

143700 0

143800 0

143900 0

144000 0

144100 0

144200 0

144300 0

144400 0

144500 0

144600 0

144700 0

144800 0

144900 0

145000 0

145100 0

145200 0

145300 0

145400 0

145500 0

145600 0

145700 0

145800 0

145900 0

146000 0

146100 0

146200 0

146300 0

146400 0

146500 0

146600 0

146700 0

146800 0

146900 0

147000 0

147100 0

147200 0

147300 0

147400 0

147500 0

147600 0

147700 0

147800 0

147900 0

148000 0

148100 0

148200 0

148300 0

148400 0

148500 0

148600 0

148700 0

148800 0

148900 0

149000 0

149100 0

149200 0

149300 0

149400 0

149500 0

149600 0

149700 0

149800 0

149900 0

150000 0

150100 0

150200 0

150300 0

150400 0

150500 0

150600 0

150700 0

150800 0

150900 0

151000 0

151100 0

151200 0

151300 0

151400 0

151500 0

151600 0

151700 0

151800 0

151900 0

152000 0

152100 0

152200 0

152300 0

152400 0

152500 0

152600 0

152700 0

152800 0

152900 0

153000 0

153100 0

153200 0

153300 0

153400 0

153500 0

153600 0

153700 0

153800 0

153900 0

154000 0

154100 0

154200 0

154300 0

154400 0

154500 0

154600 0

154700 0

154800 0

154900 0

155000 0

155100 0

155200 0

155300 0

155400 0

155500 0

155600 0

155700 0

155800 0

155900 0

156000 0

156100 0

156200 0

156300 0

156400 0

156500 0

156600 0

156700 0

156800 0

156900 0

157000 0

157100 0

157200 0

157300 0

157400 0

157500 0

157600 0

157700 0

157800 0

157900 0

158000 0

158100 0

158200 0

158300 0

158400 0

158500 0

158600 0

158700 0

158800 0

158900 0

159000 0

159100 0

159200 0

159300 0

159400 0

159500 0

159600 0

159700 0

159800 0

159900 0

160000 0

160100 0

160200 0

160300 0

160400 0

160500 0

160600 0

160700 0

160800 0

160900 0

161000 0

161100 0

161200 0

161300 0

161400 0

161500 0

161600 0

161700 0

161800 0

161900 0

162000 0

162100 0

162200 0

162300 0

162400 0

162500 0

162600 0

162700 0

162800 0

162900 0

163000 0

163100 0

163200 0

163300 0

163400 0

163500 0

163600 0

163700 0

163800 0

163900 0

164000 0

164100 0

164200 0

164300 0

164400 0

164500 0

164600 0

164700 0

164800 0

164900 0

165000 0

165100 0

165200 0

165300 0

165400 0

165500 0

165600 0

165700 0

165800 0

165900 0

166000 0

166100 0

166200 0

166300 0

166400 0

166500 0

166600 0

166700 0

166800 0

166900 0

167000 0

167100 0

167200 0

167300 0

167400 0

167500 0

167600 0

167700 0

167800 0

167900 0

168000 0

168100 0

168200 0

168300 0

168400 0

168500 0

168600 0

168700 0

168800 0

168900 0

169000 0

169100 0

169200 0

169300 0

169400 0

169500 0

169600 0

169700 0

169800 0

169900 0

170000 0

170100 0

170200 0

170300 0

170400 0

170500 0

170600 0

170700 0

170800 0

170900 0

171000 0

171100 0

171200 0

171300 0

171400 0

171500 0

171600 0

171700 0

171800 0

171900 0

172000 0

172100 0

172200 0

172300 0

172400 0

172500 0

172600 0

172700 0

172800 0

172900 0

173000 0

173100 0

173200 0

173300 0

173400 0

173500 0

173600 0

173700 0

173800 0

173900 0

174000 0

174100 0

174200 0

174300 0

174400 0

174500 0

174600 0

174700 0

174800 0

174900 0

175000 0

175100 0

175200 0

175300 0

175400 0

175500 0

175600 0

175700 0

175800 0

175900 0

176000 0

176100 0

176200 0

176300 0

176400 0

176500 0

176600 0

176700 0

176800 0

176900 0

177000 0

177100 0

177200 0

177300 0

177400 0

177500 0

177600 0

177700 0

177800 0

177900 0

178000 0

178100 0

178200 0

178300 0

178400 0

178500 0

178600 0

178700 0

178800 0

178900 0

179000 0

179100 0

179200 0

179300 0

179400 0

179500 0

179600 0

179700 0

179800 0

179900 0

180000 0

180100 0

180200 0

180300 0

180400 0

180500 0

180600 0

180700 0

180800 0

180900 0

181000 0

181100 0

181200 0

181300 0

181400 0

181500 0

181600 0

181700 0

181800 0

181900 0

182000 0

182100 0

182200 0

182300 0

182400 0

182500 0

182600 0

182700 0

182800 0

182900 0

183000 0

183100 0

183200 0

183300 0

183400 0

183500 0

183600 0

183700 0

183800 0

183900 0

184000 0

184100 0

184200 0

184300 0

184400 0

184500 0

184600 0

184700 0

184800 0

184900 0

185000 0

185100 0

185200 0

185300 0

185400 0

185500 0

185600 0

185700 0

185800 0

185900 0

186000 0

186100 0

186200 0

186300 0

186400 0

186500 0

186600 0

186700 0

186800 0

186900 0

187000 0

187100 0

187200 0

187300 0

187400 0

187500 0

187600 0

187700 0

187800 0

187900 0

188000 0

188100 0

188200 0

188300 0

188400 0

188500 0

188600 0

188700 0

188800 0

188900 0

189000 0

189100 0

189200 0

189300 0

189400 0

189500 0

189600 0

189700 0

189800 0

189900 0

190000 0

190100 0

190200 0

190300 0

190400 0

190500 0

190600 0

190700 0

190800 0

190900 0

191000 0

191100 0

191200 0

191300 0

191400 0

191500 0

191600 0

191700 0

191800 0

191900 0

192000 0

192100 0

192200 0

192300 0

192400 0

192500 0

192600 0

192700 0

192800 0

192900 0

193000 0

193100 0

193200 0

193300 0

193400 0

193500 0

193600 0

193700 0

193800 0

193900 0

194000 0

194100 0

194200 0

194300 0

194400 0

194500 0

194600 0

194700 0

194800 0

194900 0

195000 0

195100 0

195200 0

195300 0

195400 0

195500 0

195600 0

195700 0

195800 0

195900 0

196000 0

196100 0

196200 0

196300 0

196400 0

196500 0

196600 0

196700 0

196800 0

196900 0

197000 0

197100 0

197200 0

197300 0

197400 0

197500 0

197600 0

197700 0

197800 0

197900 0

198000 0

198100 0

198200 0

198300 0

198400 0

198500 0

198600 0

198700 0

198800 0

198900 0

199000 0

199100 0

199200 0

199300 0

199400 0

199500 0

199600 0

199700 0

199800 0

199900 0

200000 0

