update tasks_solved
0 1

100 375

200 1781

300 2065

400 2034

500 1992

600 2042

700 2161

800 2030

900 2160

1000 2092

1100 1958

1200 2138

1300 1963

1400 2168

1500 1995

1600 2102

1700 2127

1800 2075

1900 1872

2000 2050

2100 2108

2200 2008

2300 2114

2400 2113

2500 2102

2600 1941

2700 2019

2800 2094

2900 2140

3000 2073

3100 2044

3200 2064

3300 2080

3400 2077

3500 1965

3600 1992

3700 2100

3800 2093

3900 2140

4000 2005

4100 2060

4200 2038

4300 2085

4400 1998

4500 2119

4600 2034

4700 2098

4800 2118

4900 1911

5000 2041

5100 2191

5200 2064

5300 2090

5400 2079

5500 2133

5600 2102

5700 2172

5800 2125

5900 2140

6000 2007

6100 2013

6200 2067

6300 2112

6400 1999

6500 2064

6600 2016

6700 1987

6800 2043

6900 1951

7000 2179

7100 2022

7200 1992

7300 2027

7400 2172

7500 1972

7600 2115

7700 2092

7800 2038

7900 2219

8000 2021

8100 2064

8200 2199

8300 2044

8400 2129

8500 2149

8600 1948

8700 2020

8800 2138

8900 1984

9000 1956

9100 2081

9200 2189

9300 2054

9400 2018

9500 2046

9600 2149

9700 2048

9800 2034

9900 2086

10000 1997

10100 1939

10200 2149

10300 2051

10400 1961

10500 2219

10600 2140

10700 2021

10800 1857

10900 1977

11000 1942

11100 2009

11200 2053

11300 2137

11400 2020

11500 1922

11600 2119

11700 2153

11800 2090

11900 2066

12000 2087

12100 2100

12200 2130

12300 2006

12400 1914

12500 2080

12600 2175

12700 1906

12800 2067

12900 2122

13000 1950

13100 2067

13200 2067

13300 2035

13400 1958

13500 2004

13600 2077

13700 2091

13800 1988

13900 2031

14000 2092

14100 1937

14200 2036

14300 2073

14400 2077

14500 2020

14600 2171

14700 1967

14800 2175

14900 2025

15000 2009

15100 2090

15200 2045

15300 1994

15400 1993

15500 1994

15600 2010

15700 2018

15800 2138

15900 2104

16000 2127

16100 2020

16200 1988

16300 2091

16400 1936

16500 2080

16600 1908

16700 2167

16800 1944

16900 2009

17000 2018

17100 2028

17200 2042

17300 2054

17400 1987

17500 1988

17600 2036

17700 2062

17800 2072

17900 2185

18000 2112

18100 1926

18200 2055

18300 2066

18400 2019

18500 2006

18600 2174

18700 2042

18800 1984

18900 2061

19000 2016

19100 2024

19200 2080

19300 1995

19400 1996

19500 2098

19600 2083

19700 2149

19800 1943

19900 2038

20000 2012

20100 2007

20200 2034

20300 2124

20400 2049

20500 2027

20600 1956

20700 2009

20800 2085

20900 2154

21000 2191

21100 2070

21200 1930

21300 1935

21400 2078

21500 2065

21600 2034

21700 1969

21800 1999

21900 2034

22000 2017

22100 1953

22200 2154

22300 2116

22400 2045

22500 1895

22600 2080

22700 2024

22800 2007

22900 2064

23000 1962

23100 2044

23200 2006

23300 1991

23400 2189

23500 2162

23600 2008

23700 1917

23800 2031

23900 2020

24000 1976

24100 2120

24200 2039

24300 1967

24400 2096

24500 1974

24600 1810

24700 2024

24800 2084

24900 1975

25000 2020

25100 2032

25200 2009

25300 2009

25400 1921

25500 1946

25600 2005

25700 2003

25800 2057

25900 2155

26000 2003

26100 2120

26200 2152

26300 2048

26400 2113

26500 1982

26600 1856

26700 1999

26800 2084

26900 2056

27000 2143

27100 2040

27200 1890

27300 2173

27400 2104

27500 1904

27600 2040

27700 1976

27800 1885

27900 1943

28000 2033

28100 2045

28200 1912

28300 1929

28400 2033

28500 2128

28600 2040

28700 2060

28800 2055

28900 1940

29000 1894

29100 1988

29200 2037

29300 1872

29400 2105

29500 2043

29600 2019

29700 2021

29800 2041

29900 2027

30000 2043

30100 2104

30200 2055

30300 2001

30400 2021

30500 2171

30600 2145

30700 1908

30800 2066

30900 1910

31000 2000

31100 2147

31200 2170

31300 2035

31400 1989

31500 2122

31600 2094

31700 2100

31800 2197

31900 2153

32000 2091

32100 2020

32200 1936

32300 2064

32400 1988

32500 2041

32600 2140

32700 2047

32800 1956

32900 1973

33000 2051

33100 1889

33200 1980

33300 1999

33400 2055

33500 1937

33600 1904

33700 2150

33800 1982

33900 2121

34000 2061

34100 2028

34200 2116

34300 2043

34400 2270

34500 2115

34600 2069

34700 1947

34800 1971

34900 2157

35000 1966

35100 2056

35200 1987

35300 2066

35400 2013

35500 2131

35600 2086

35700 2112

35800 2175

35900 1982

36000 1966

36100 2030

36200 2130

36300 2025

36400 1970

36500 2051

36600 2093

36700 2050

36800 2008

36900 2052

37000 2002

37100 2031

37200 1953

37300 1943

37400 2033

37500 2071

37600 2076

37700 1924

37800 1993

37900 1998

38000 2002

38100 2140

38200 1926

38300 2032

38400 2030

38500 1958

38600 2096

38700 2077

38800 2014

38900 2032

39000 1914

39100 2082

39200 2061

39300 1992

39400 1927

39500 2001

39600 2053

39700 2018

39800 2071

39900 1945

40000 1970

40100 1927

40200 2005

40300 1985

40400 2080

40500 1997

40600 2154

40700 1930

40800 1997

40900 2094

41000 2033

41100 2063

41200 2121

41300 2025

41400 1952

41500 1940

41600 1977

41700 2023

41800 2070

41900 2076

42000 1984

42100 2059

42200 2051

42300 2114

42400 2021

42500 2006

42600 2053

42700 2154

42800 2024

42900 2038

43000 2090

43100 2088

43200 2157

43300 2036

43400 1894

43500 2001

43600 1993

43700 1928

43800 2112

43900 2010

44000 2130

44100 2041

44200 2029

44300 2072

44400 2027

44500 2129

44600 2050

44700 2108

44800 2024

44900 2116

45000 1992

45100 1915

45200 2059

45300 2046

45400 2100

45500 2031

45600 1987

45700 2030

45800 2052

45900 1888

46000 2040

46100 2042

46200 1966

46300 2027

46400 1991

46500 2072

46600 2015

46700 1948

46800 2109

46900 2002

47000 2145

47100 2161

47200 2153

47300 2009

47400 2007

47500 1963

47600 2078

47700 2162

47800 2108

47900 2079

48000 2078

48100 1912

48200 1860

48300 2090

48400 2147

48500 1986

48600 2056

48700 1864

48800 2102

48900 2101

49000 1994

49100 2038

49200 1875

49300 2072

49400 2054

49500 2154

49600 1927

49700 2073

49800 2039

49900 2036

50000 2033

50100 2063

50200 1931

50300 1991

50400 2149

50500 2044

50600 2133

50700 2076

50800 2150

50900 1951

51000 2113

51100 1991

51200 2088

51300 2094

51400 2036

51500 2010

51600 1992

51700 2060

51800 2021

51900 1919

52000 2113

52100 2135

52200 2006

52300 2041

52400 2033

52500 2043

52600 2111

52700 2038

52800 2119

52900 2293

53000 2173

53100 2058

53200 1921

53300 1786

53400 2151

53500 2069

53600 2043

53700 1959

53800 2056

53900 2058

54000 2031

54100 2092

54200 2065

54300 1899

54400 2033

54500 1993

54600 2097

54700 1972

54800 2097

54900 2060

55000 1999

55100 2024

55200 2084

55300 2016

55400 2081

55500 1868

55600 1991

55700 2061

55800 2107

55900 2133

56000 2099

56100 2052

56200 1932

56300 1981

56400 2029

56500 2061

56600 1928

56700 2072

56800 2022

56900 2022

57000 2057

57100 1957

57200 2128

57300 1972

57400 1985

57500 2100

57600 2158

57700 1971

57800 1958

57900 2105

58000 1911

58100 1857

58200 1942

58300 1978

58400 2093

58500 1949

58600 2084

58700 1978

58800 2065

58900 2007

59000 2070

59100 1967

59200 2122

59300 2062

59400 2034

59500 1988

59600 2022

59700 2075

59800 2036

59900 2025

60000 2136

60100 2038

60200 2116

60300 2023

60400 1983

60500 2085

60600 1966

60700 2142

60800 2033

60900 2226

61000 2023

61100 1962

61200 1955

61300 2081

61400 1973

61500 2037

61600 2039

61700 2096

61800 1858

61900 2091

62000 2148

62100 1852

62200 1975

62300 1981

62400 2084

62500 2016

62600 1919

62700 2189

62800 2057

62900 1869

63000 2033

63100 2127

63200 2153

63300 1988

63400 2077

63500 2035

63600 1992

63700 2138

63800 1901

63900 1947

64000 1982

64100 2042

64200 2048

64300 1976

64400 2091

64500 2002

64600 2215

64700 1993

64800 2023

64900 2037

65000 1989

65100 2020

65200 1972

65300 2009

65400 2012

65500 2028

65600 2052

65700 1997

65800 1877

65900 2012

66000 2064

66100 1986

66200 2148

66300 2050

66400 1997

66500 2179

66600 2063

66700 1979

66800 2224

66900 1892

67000 2048

67100 2029

67200 2140

67300 2032

67400 2017

67500 2024

67600 2026

67700 2014

67800 2032

67900 2053

68000 2044

68100 2096

68200 1880

68300 2035

68400 2186

68500 1864

68600 2108

68700 1953

68800 2030

68900 2013

69000 2135

69100 2019

69200 2142

69300 2214

69400 2081

69500 2162

69600 1958

69700 2032

69800 2028

69900 2069

70000 2004

70100 1995

70200 2081

70300 2039

70400 2018

70500 2168

70600 2069

70700 2077

70800 2077

70900 2050

71000 2168

71100 1952

71200 2094

71300 1975

71400 1991

71500 2026

71600 1891

71700 1972

71800 2023

71900 1957

72000 2087

72100 2020

72200 2135

72300 2115

72400 2157

72500 2016

72600 2166

72700 2078

72800 2006

72900 2158

73000 2086

73100 2156

73200 2010

73300 1995

73400 2067

73500 1972

73600 1946

73700 2014

73800 2116

73900 2121

74000 1988

74100 2114

74200 2083

74300 2024

74400 2101

74500 2094

74600 2035

74700 2185

74800 2057

74900 1996

75000 2039

75100 2136

75200 2067

75300 1941

75400 2059

75500 2005

75600 1938

75700 2231

75800 2035

75900 1939

76000 1921

76100 1989

76200 2147

76300 1946

76400 2056

76500 2028

76600 2102

76700 2047

76800 1994

76900 2110

77000 2040

77100 1933

77200 2119

77300 1876

77400 2027

77500 2040

77600 2080

77700 1979

77800 1957

77900 2066

78000 1992

78100 1945

78200 1968

78300 2021

78400 2008

78500 2118

78600 2059

78700 2118

78800 1941

78900 2186

79000 1982

79100 2011

79200 2157

79300 2020

79400 2023

79500 2063

79600 1953

79700 2086

79800 2100

79900 2142

80000 1952

80100 1861

80200 1970

80300 2027

80400 1875

80500 2038

80600 2126

80700 1958

80800 2097

80900 1927

81000 2156

81100 1933

81200 2082

81300 1965

81400 2031

81500 2087

81600 2158

81700 2076

81800 2012

81900 1997

82000 2034

82100 2000

82200 2056

82300 1978

82400 1927

82500 1977

82600 2120

82700 2038

82800 2011

82900 2031

83000 2126

83100 1960

83200 2004

83300 2027

83400 2055

83500 2043

83600 2040

83700 2082

83800 1999

83900 2000

84000 1975

84100 2055

84200 2177

84300 2058

84400 2104

84500 1955

84600 2004

84700 1995

84800 2037

84900 2171

85000 1997

85100 1922

85200 2041

85300 1890

85400 1987

85500 2057

85600 1932

85700 2058

85800 1990

85900 2173

86000 1897

86100 2016

86200 2102

86300 1959

86400 1996

86500 1998

86600 2099

86700 2054

86800 2062

86900 2064

87000 1918

87100 2023

87200 2190

87300 2184

87400 2017

87500 1989

87600 1915

87700 2051

87800 2103

87900 2025

88000 2080

88100 2043

88200 2084

88300 1959

88400 2080

88500 2089

88600 2080

88700 2041

88800 2035

88900 2018

89000 2082

89100 2142

89200 2149

89300 2087

89400 2060

89500 2016

89600 2021

89700 2097

89800 1995

89900 2014

90000 2084

90100 1964

90200 2068

90300 1997

90400 2320

90500 2024

90600 2038

90700 2124

90800 2125

90900 2081

91000 2053

91100 2241

91200 2108

91300 2020

91400 2010

91500 1983

91600 1931

91700 2179

91800 2119

91900 2106

92000 2043

92100 2022

92200 1963

92300 2126

92400 2095

92500 1989

92600 2057

92700 2094

92800 2114

92900 2132

93000 1996

93100 2058

93200 1988

93300 1967

93400 2093

93500 2038

93600 1951

93700 2022

93800 1974

93900 2142

94000 2011

94100 2073

94200 2100

94300 2118

94400 1970

94500 1997

94600 2011

94700 2137

94800 1976

94900 1982

95000 1945

95100 2032

95200 2191

95300 2056

95400 2255

95500 2008

95600 2211

95700 2128

95800 2129

95900 1968

96000 1944

96100 2091

96200 2092

96300 2229

96400 2109

96500 1971

96600 2081

96700 2025

96800 2127

96900 1957

97000 2022

97100 1970

97200 2062

97300 2038

97400 2142

97500 2135

97600 2009

97700 1976

97800 2123

97900 2152

98000 1931

98100 2057

98200 1978

98300 2114

98400 1936

98500 1911

98600 1982

98700 1997

98800 1954

98900 1950

99000 1943

99100 2059

99200 2140

99300 2069

99400 2041

99500 2187

99600 2095

99700 1905

99800 1980

99900 2043

100000 0

100100 464

100200 1806

100300 2085

100400 2005

100500 1917

100600 1949

100700 1944

100800 2028

100900 2044

101000 2108

101100 2118

101200 2006

101300 2137

101400 1949

101500 1961

101600 2020

101700 1982

101800 2143

101900 1998

102000 2060

102100 2070

102200 2003

102300 2063

102400 1980

102500 2003

102600 2084

102700 2047

102800 2059

102900 2042

103000 2023

103100 1972

103200 2081

103300 2063

103400 2058

103500 2045

103600 1988

103700 2081

103800 1971

103900 2060

104000 1979

104100 2028

104200 2060

104300 1899

104400 1983

104500 2093

104600 2151

104700 1999

104800 2167

104900 2054

105000 2074

105100 2113

105200 2042

105300 2165

105400 1892

105500 2157

105600 2114

105700 2172

105800 2060

105900 2127

106000 1932

106100 2104

106200 2185

106300 1927

106400 2011

106500 2036

106600 2021

106700 2094

106800 2002

106900 2117

107000 1976

107100 1979

107200 2101

107300 2005

107400 2133

107500 1945

107600 1957

107700 2020

107800 1952

107900 1871

108000 2086

108100 2147

108200 2113

108300 2096

108400 2020

108500 2067

108600 2027

108700 2111

108800 2076

108900 2219

109000 2117

109100 2113

109200 2109

109300 2108

109400 2046

109500 2155

109600 1983

109700 2113

109800 1858

109900 2008

110000 1955

110100 2031

110200 1958

110300 2049

110400 2091

110500 2091

110600 2040

110700 2020

110800 2009

110900 2135

111000 2035

111100 2057

111200 1961

111300 1987

111400 1990

111500 2000

111600 2168

111700 2131

111800 2012

111900 1999

112000 2055

112100 1944

112200 1955

112300 1977

112400 2154

112500 1997

112600 2096

112700 2182

112800 2071

112900 2009

113000 1983

113100 2032

113200 1994

113300 2030

113400 2017

113500 2119

113600 1950

113700 2064

113800 2077

113900 2084

114000 2162

114100 1948

114200 2110

114300 2229

114400 2063

114500 2000

114600 1967

114700 1996

114800 1891

114900 2074

115000 1968

115100 2014

115200 2042

115300 1958

115400 1859

115500 2085

115600 2073

115700 2037

115800 2202

115900 2100

116000 2127

116100 1899

116200 2036

116300 2087

116400 1897

116500 1879

116600 2111

116700 2105

116800 2025

116900 2114

117000 1993

117100 1988

117200 1936

117300 2117

117400 2054

117500 2050

117600 1981

117700 2027

117800 1925

117900 1917

118000 2025

118100 2073

118200 1933

118300 1999

118400 1994

118500 2055

118600 1959

118700 2077

118800 2011

118900 2129

119000 1937

119100 2175

119200 2157

119300 1998

119400 2099

119500 1964

119600 1944

119700 1976

119800 2024

119900 2014

120000 2131

120100 2019

120200 1986

120300 2043

120400 2033

120500 2234

120600 1886

120700 2054

120800 2115

120900 2086

121000 2004

121100 2023

121200 1998

121300 2079

121400 2004

121500 2040

121600 2188

121700 2029

121800 2092

121900 1970

122000 2020

122100 2099

122200 2159

122300 2023

122400 2069

122500 2038

122600 1915

122700 2128

122800 2105

122900 1933

123000 2130

123100 2125

123200 2036

123300 2107

123400 2029

123500 1981

123600 2071

123700 2016

123800 1931

123900 2044

124000 2036

124100 2100

124200 1924

124300 2041

124400 1962

124500 2265

124600 2019

124700 2141

124800 2165

124900 2097

125000 1958

125100 2068

125200 1963

125300 1919

125400 1964

125500 2085

125600 2061

125700 2149

125800 2056

125900 1969

126000 2061

126100 2067

126200 1859

126300 2051

126400 2106

126500 2104

126600 1986

126700 1894

126800 2013

126900 1945

127000 2042

127100 2078

127200 2021

127300 2097

127400 2054

127500 2049

127600 2047

127700 2070

127800 2065

127900 1955

128000 2054

128100 1956

128200 2015

128300 2126

128400 1988

128500 2062

128600 1972

128700 1956

128800 2084

128900 1953

129000 2198

129100 2188

129200 1934

129300 1955

129400 2097

129500 1948

129600 2032

129700 1986

129800 1962

129900 2022

130000 2079

130100 2092

130200 2099

130300 2265

130400 2049

130500 2031

130600 2131

130700 2066

130800 2037

130900 2090

131000 2016

131100 2327

131200 2009

131300 2137

131400 1960

131500 1994

131600 1980

131700 2100

131800 2093

131900 2130

132000 2046

132100 2078

132200 2077

132300 2009

132400 2011

132500 2012

132600 2177

132700 1967

132800 2005

132900 2025

133000 2009

133100 1920

133200 2030

133300 1947

133400 1944

133500 2062

133600 2080

133700 2046

133800 2169

133900 2071

134000 2020

134100 2057

134200 2034

134300 2166

134400 1982

134500 2044

134600 2039

134700 2049

134800 1950

134900 2070

135000 2027

135100 2020

135200 2092

135300 2086

135400 2110

135500 1980

135600 1952

135700 1997

135800 2066

135900 2032

136000 2195

136100 2136

136200 1942

136300 2060

136400 2018

136500 2014

136600 2127

136700 2196

136800 2081

136900 2054

137000 2143

137100 2036

137200 1885

137300 2293

137400 2008

137500 2075

137600 2175

137700 2066

137800 2152

137900 2025

138000 1961

138100 2101

138200 2008

138300 2096

138400 1841

138500 1993

138600 2127

138700 1896

138800 1993

138900 1983

139000 2039

139100 2141

139200 2045

139300 2071

139400 1953

139500 2111

139600 2051

139700 2038

139800 2063

139900 2037

140000 2018

140100 2104

140200 1958

140300 2103

140400 2159

140500 1903

140600 2184

140700 2047

140800 1887

140900 2062

141000 2177

141100 2170

141200 2013

141300 2062

141400 2148

141500 2159

141600 2021

141700 1872

141800 2161

141900 2093

142000 2006

142100 1916

142200 1921

142300 2156

142400 2040

142500 2107

142600 1892

142700 2014

142800 2033

142900 2144

143000 1981

143100 2068

143200 2101

143300 1934

143400 1968

143500 1898

143600 2009

143700 2041

143800 2021

143900 2058

144000 1874

144100 2148

144200 1865

144300 2034

144400 2004

144500 1956

144600 2223

144700 2104

144800 2165

144900 2015

145000 2084

145100 1990

145200 2042

145300 1922

145400 2146

145500 2032

145600 2009

145700 2046

145800 2040

145900 2220

146000 2009

146100 2143

146200 2036

146300 2057

146400 1929

146500 2054

146600 1984

146700 2021

146800 1972

146900 2108

147000 2172

147100 2042

147200 2009

147300 2046

147400 1957

147500 2040

147600 1958

147700 1981

147800 2079

147900 2065

148000 2066

148100 1913

148200 2009

148300 2190

148400 2089

148500 2103

148600 2002

148700 2005

148800 1968

148900 2091

149000 2037

149100 2094

149200 2073

149300 1860

149400 2102

149500 1971

149600 2135

149700 2089

149800 2060

149900 1998

150000 2032

150100 1909

150200 2112

150300 2088

150400 1963

150500 1966

150600 2043

150700 2037

150800 2010

150900 1990

151000 2016

151100 2001

151200 2092

151300 2118

151400 2036

151500 2018

151600 2130

151700 1957

151800 2167

151900 2139

152000 1985

152100 1993

152200 1984

152300 2062

152400 1894

152500 2050

152600 2147

152700 2152

152800 1963

152900 2015

153000 2138

153100 2093

153200 2048

153300 2105

153400 1932

153500 1981

153600 1964

153700 2136

153800 2123

153900 2007

154000 1984

154100 1964

154200 1969

154300 1898

154400 1976

154500 2035

154600 2053

154700 2072

154800 2025

154900 2020

155000 1895

155100 1979

155200 2087

155300 2060

155400 1964

155500 2105

155600 2173

155700 1898

155800 1991

155900 1914

156000 2154

156100 2066

156200 2038

156300 1945

156400 2112

156500 1974

156600 2137

156700 2070

156800 1924

156900 2141

157000 1981

157100 1884

157200 1998

157300 1999

157400 2108

157500 2101

157600 2123

157700 2023

157800 2031

157900 2000

158000 2004

158100 2010

158200 2092

158300 2127

158400 2113

158500 2014

158600 2026

158700 2026

158800 1940

158900 1940

159000 2130

159100 1978

159200 1905

159300 2047

159400 2062

159500 2128

159600 2030

159700 1984

159800 2143

159900 1892

160000 1970

160100 1995

160200 1959

160300 1987

160400 2118

160500 2014

160600 2166

160700 2075

160800 1989

160900 2061

161000 2137

161100 2147

161200 2052

161300 1983

161400 2046

161500 1993

161600 2041

161700 1928

161800 1884

161900 2025

162000 2129

162100 2015

162200 2047

162300 2091

162400 2064

162500 2130

162600 1988

162700 2106

162800 2161

162900 1977

163000 2113

163100 2057

163200 2046

163300 2050

163400 1996

163500 2088

163600 2034

163700 2064

163800 2093

163900 2096

164000 2223

164100 1936

164200 1889

164300 2110

164400 1954

164500 2056

164600 1996

164700 1969

164800 2063

164900 2252

165000 1977

165100 2178

165200 1961

165300 2071

165400 2087

165500 1992

165600 2005

165700 2129

165800 1953

165900 2201

166000 2128

166100 2060

166200 2099

166300 1922

166400 1951

166500 1972

166600 1876

166700 2104

166800 1946

166900 2171

167000 2043

167100 1995

167200 1993

167300 2048

167400 1895

167500 1946

167600 2091

167700 2021

167800 2055

167900 2004

168000 1953

168100 2055

168200 1999

168300 1994

168400 1967

168500 2053

168600 2002

168700 2021

168800 2035

168900 2141

169000 2115

169100 2092

169200 2170

169300 2115

169400 1971

169500 2076

169600 2062

169700 2002

169800 1999

169900 1985

170000 2025

170100 1888

170200 2153

170300 2035

170400 2009

170500 2135

170600 1938

170700 2238

170800 2133

170900 2029

171000 1974

171100 1921

171200 2113

171300 2208

171400 1940

171500 2101

171600 1936

171700 2082

171800 2054

171900 2143

172000 1951

172100 2003

172200 2085

172300 2016

172400 2124

172500 2034

172600 2051

172700 2191

172800 2102

172900 1955

173000 1994

173100 2045

173200 2017

173300 2012

173400 1937

173500 2071

173600 2064

173700 2025

173800 2001

173900 2020

174000 2253

174100 2282

174200 2031

174300 2030

174400 2029

174500 2067

174600 2076

174700 2078

174800 1911

174900 2030

175000 2041

175100 1879

175200 2039

175300 2168

175400 2068

175500 2069

175600 2131

175700 2131

175800 2061

175900 2056

176000 2068

176100 1974

176200 2037

176300 1915

176400 2029

176500 2089

176600 2115

176700 1938

176800 2056

176900 2094

177000 2173

177100 2135

177200 2092

177300 2087

177400 1951

177500 2066

177600 2019

177700 2132

177800 2028

177900 2054

178000 2042

178100 1939

178200 1978

178300 2068

178400 2020

178500 2053

178600 2149

178700 2074

178800 2014

178900 2070

179000 2027

179100 2017

179200 2010

179300 1992

179400 2002

179500 2089

179600 2090

179700 1960

179800 2029

179900 2136

180000 2002

180100 2076

180200 2110

180300 2158

180400 2166

180500 2178

180600 2153

180700 1990

180800 2048

180900 2092

181000 2028

181100 1921

181200 2087

181300 2125

181400 1905

181500 2080

181600 2093

181700 2017

181800 2002

181900 1923

182000 2047

182100 1977

182200 1890

182300 2199

182400 2124

182500 1998

182600 2048

182700 2082

182800 2037

182900 1968

183000 2059

183100 1891

183200 2018

183300 2060

183400 1964

183500 2130

183600 2073

183700 2039

183800 1996

183900 1996

184000 1896

184100 2116

184200 1945

184300 2185

184400 2031

184500 2013

184600 2063

184700 2048

184800 1996

184900 2079

185000 1967

185100 2058

185200 2144

185300 2073

185400 2006

185500 2131

185600 2093

185700 2044

185800 1896

185900 2090

186000 1990

186100 2062

186200 1970

186300 1946

186400 2021

186500 2008

186600 2117

186700 2017

186800 1880

186900 2148

187000 2065

187100 2058

187200 2067

187300 1975

187400 2124

187500 2032

187600 2032

187700 2009

187800 2134

187900 2150

188000 1972

188100 2024

188200 2059

188300 2012

188400 2065

188500 2009

188600 2038

188700 1990

188800 1969

188900 1940

189000 2049

189100 1919

189200 2126

189300 2006

189400 1941

189500 2057

189600 1920

189700 2112

189800 2089

189900 2067

190000 2099

190100 2042

190200 2002

190300 2101

190400 2176

190500 2015

190600 2028

190700 2171

190800 1997

190900 1935

191000 2016

191100 2150

191200 2080

191300 2152

191400 2003

191500 2103

191600 2115

191700 2012

191800 1993

191900 2129

192000 1980

192100 1984

192200 2028

192300 2079

192400 1922

192500 1984

192600 1963

192700 2092

192800 1990

192900 2011

193000 2029

193100 2087

193200 1960

193300 2064

193400 2038

193500 1913

193600 1881

193700 2070

193800 1968

193900 1965

194000 2050

194100 1994

194200 2194

194300 1998

194400 2101

194500 2060

194600 2099

194700 1903

194800 2060

194900 1949

195000 2128

195100 2066

195200 2081

195300 2099

195400 2155

195500 2193

195600 1900

195700 2070

195800 1993

195900 1996

196000 1989

196100 2040

196200 2144

196300 2033

196400 2091

196500 2166

196600 1980

196700 2014

196800 2050

196900 2037

197000 2127

197100 2043

197200 2013

197300 1937

197400 1991

197500 1954

197600 2097

197700 1987

197800 2112

197900 1978

198000 2069

198100 2176

198200 2063

198300 2062

198400 2044

198500 2185

198600 1916

198700 1997

198800 2064

198900 2034

199000 1942

199100 2043

199200 1896

199300 1989

199400 2099

199500 1989

199600 2089

199700 2065

199800 2029

199900 1981

200000 2097

