update tasks_solved
0 1

100 433

200 2034

300 5108

400 8027

500 8543

600 8067

700 7748

800 8209

900 8346

1000 7848

1100 8260

1200 8402

1300 8199

1400 8263

1500 8071

1600 8332

1700 8108

1800 7990

1900 8016

2000 7980

2100 8477

2200 8026

2300 8045

2400 8136

2500 8421

2600 8074

2700 8384

2800 7993

2900 8310

3000 8208

3100 8247

3200 7969

3300 8031

3400 8248

3500 8170

3600 8142

3700 8412

3800 8457

3900 8114

4000 8225

4100 8406

4200 7974

4300 8208

4400 7753

4500 7847

4600 7792

4700 8359

4800 8074

4900 8019

5000 8170

5100 8340

5200 8366

5300 8052

5400 8361

5500 8277

5600 8267

5700 8260

5800 8066

5900 8091

6000 8228

6100 8263

6200 8351

6300 8051

6400 8137

6500 8287

6600 8252

6700 8206

6800 7947

6900 8260

7000 8396

7100 8045

7200 8108

7300 8089

7400 8240

7500 7770

7600 8287

7700 8201

7800 7962

7900 8039

8000 8053

8100 8061

8200 8151

8300 8251

8400 8204

8500 8049

8600 8189

8700 7993

8800 8153

8900 8446

9000 7991

9100 8003

9200 8103

9300 8164

9400 7783

9500 8183

9600 8278

9700 8103

9800 8131

9900 8233

10000 7833

10100 8000

10200 8150

10300 8121

10400 7856

10500 8266

10600 8209

10700 8233

10800 8308

10900 8586

11000 8150

11100 8229

11200 7926

11300 8154

11400 7903

11500 7879

11600 8307

11700 8135

11800 8249

11900 8269

12000 8739

12100 8034

12200 8103

12300 8267

12400 8452

12500 8045

12600 8205

12700 8201

12800 8263

12900 8210

13000 8332

13100 8303

13200 8337

13300 7899

13400 8150

13500 8166

13600 7837

13700 7975

13800 7944

13900 7999

14000 8202

14100 8192

14200 8265

14300 8068

14400 8257

14500 8121

14600 8268

14700 8382

14800 8068

14900 8364

15000 7934

15100 8067

15200 8196

15300 8486

15400 8224

15500 8341

15600 8029

15700 8018

15800 7917

15900 8332

16000 8138

16100 8372

16200 7899

16300 8013

16400 8191

16500 8355

16600 7798

16700 7909

16800 8272

16900 8090

17000 8029

17100 7962

17200 8422

17300 7909

17400 8054

17500 8118

17600 8189

17700 8053

17800 8254

17900 7863

18000 8036

18100 8104

18200 8075

18300 8004

18400 8110

18500 8450

18600 8070

18700 8321

18800 8176

18900 8028

19000 8181

19100 8277

19200 8072

19300 8237

19400 8082

19500 8006

19600 7993

19700 8274

19800 8178

19900 8174

20000 7934

20100 8314

20200 8227

20300 8196

20400 8257

20500 8148

20600 8257

20700 8276

20800 7994

20900 8058

21000 8270

21100 8066

21200 8163

21300 8045

21400 8162

21500 7970

21600 8011

21700 8164

21800 8296

21900 8422

22000 8060

22100 8079

22200 8166

22300 8111

22400 8471

22500 8190

22600 8240

22700 8234

22800 8248

22900 8087

23000 8086

23100 8036

23200 8253

23300 8411

23400 8154

23500 8271

23600 8143

23700 8084

23800 8154

23900 8128

24000 8211

24100 8024

24200 8239

24300 8195

24400 8160

24500 8015

24600 8117

24700 8122

24800 8330

24900 7906

25000 8215

25100 8201

25200 8164

25300 8478

25400 8159

25500 8422

25600 8257

25700 8198

25800 8199

25900 8183

26000 8267

26100 8292

26200 8428

26300 7800

26400 8242

26500 8100

26600 8138

26700 7794

26800 8447

26900 8441

27000 8024

27100 8224

27200 8240

27300 8327

27400 8107

27500 8070

27600 8375

27700 8260

27800 8244

27900 8018

28000 8239

28100 8213

28200 8105

28300 7893

28400 8235

28500 8002

28600 8514

28700 7920

28800 8283

28900 8229

29000 8056

29100 8356

29200 8224

29300 8048

29400 8088

29500 7973

29600 8215

29700 8319

29800 8043

29900 8067

30000 8325

30100 8060

30200 8356

30300 8073

30400 8110

30500 7933

30600 8421

30700 8092

30800 8251

30900 8300

31000 8203

31100 8152

31200 8083

31300 8152

31400 7838

31500 7979

31600 8036

31700 8114

31800 8248

31900 8202

32000 8275

32100 8219

32200 7929

32300 8130

32400 7983

32500 8174

32600 8187

32700 8047

32800 8096

32900 8198

33000 8130

33100 8129

33200 8205

33300 8296

33400 8031

33500 8290

33600 8432

33700 8460

33800 8045

33900 8270

34000 8391

34100 8083

34200 8210

34300 8194

34400 8191

34500 8419

34600 8226

34700 8240

34800 8241

34900 8237

35000 8189

35100 8248

35200 8087

35300 8138

35400 8071

35500 7949

35600 7995

35700 8351

35800 8254

35900 8156

36000 8028

36100 8230

36200 8105

36300 8213

36400 8258

36500 8294

36600 8438

36700 7941

36800 8205

36900 8290

37000 8153

37100 8145

37200 7987

37300 8355

37400 7945

37500 8135

37600 8343

37700 8275

37800 8121

37900 8120

38000 7984

38100 8175

38200 8270

38300 8405

38400 8318

38500 7847

38600 7762

38700 7898

38800 8255

38900 7978

39000 8021

39100 8183

39200 8029

39300 8015

39400 8276

39500 8164

39600 8137

39700 8182

39800 8253

39900 8154

40000 8118

40100 8202

40200 8078

40300 8084

40400 8151

40500 7927

40600 8381

40700 8239

40800 7906

40900 8249

41000 8204

41100 8035

41200 7831

41300 8305

41400 8260

41500 8151

41600 8315

41700 8039

41800 8295

41900 8152

42000 8307

42100 7940

42200 8431

42300 7903

42400 8097

42500 8210

42600 8186

42700 8572

42800 8514

42900 7960

43000 8074

43100 7912

43200 8239

43300 8190

43400 8117

43500 8312

43600 8087

43700 8017

43800 7826

43900 7958

44000 7880

44100 7912

44200 8075

44300 8296

44400 8220

44500 8096

44600 7961

44700 8059

44800 8159

44900 8062

45000 8103

45100 8001

45200 8117

45300 8191

45400 7775

45500 8293

45600 8309

45700 8291

45800 7962

45900 7889

46000 8168

46100 7863

46200 8295

46300 8106

46400 8192

46500 8351

46600 7920

46700 8281

46800 7989

46900 8254

47000 8052

47100 8123

47200 8138

47300 8156

47400 8336

47500 8218

47600 8075

47700 8155

47800 8135

47900 8277

48000 7941

48100 8084

48200 8246

48300 8385

48400 8199

48500 7960

48600 8151

48700 7980

48800 8513

48900 8175

49000 8079

49100 8103

49200 8394

49300 8165

49400 8216

49500 8126

49600 8198

49700 8339

49800 7991

49900 8206

50000 7929

50100 7978

50200 8152

50300 8193

50400 8219

50500 8367

50600 8215

50700 8354

50800 8061

50900 8147

51000 7886

51100 8185

51200 8159

51300 8139

51400 8125

51500 8362

51600 7953

51700 7825

51800 7977

51900 8379

52000 8442

52100 8170

52200 8023

52300 8138

52400 8346

52500 8053

52600 8156

52700 8153

52800 7869

52900 8120

53000 8147

53100 8155

53200 8242

53300 8029

53400 8417

53500 8133

53600 8212

53700 8107

53800 8485

53900 8466

54000 8017

54100 8202

54200 8438

54300 8408

54400 8150

54500 8333

54600 8226

54700 8042

54800 8485

54900 8166

55000 8308

55100 7839

55200 8213

55300 8141

55400 7881

55500 8227

55600 8448

55700 8254

55800 8208

55900 8016

56000 7964

56100 8332

56200 7898

56300 8085

56400 8276

56500 8189

56600 8117

56700 8096

56800 8127

56900 8498

57000 8182

57100 8173

57200 8442

57300 7817

57400 7938

57500 8444

57600 8261

57700 8201

57800 8196

57900 8069

58000 8013

58100 8337

58200 8220

58300 8271

58400 8527

58500 8125

58600 8106

58700 8081

58800 8150

58900 8437

59000 8273

59100 8050

59200 8188

59300 8081

59400 8155

59500 7944

59600 8256

59700 8335

59800 8160

59900 8292

60000 8110

60100 8359

60200 8366

60300 8070

60400 8219

60500 7965

60600 8009

60700 8221

60800 8156

60900 8316

61000 7895

61100 8115

61200 7882

61300 8240

61400 8152

61500 8001

61600 8387

61700 7956

61800 8301

61900 8043

62000 8271

62100 8282

62200 8067

62300 7966

62400 8315

62500 8425

62600 8450

62700 8215

62800 8096

62900 8241

63000 8099

63100 8299

63200 8260

63300 8142

63400 7858

63500 8191

63600 8363

63700 8262

63800 8459

63900 8028

64000 8441

64100 8152

64200 8037

64300 8047

64400 8006

64500 8003

64600 8293

64700 8252

64800 8168

64900 8320

65000 7992

65100 8129

65200 7986

65300 8411

65400 8244

65500 8182

65600 8087

65700 7994

65800 8569

65900 7810

66000 8502

66100 8305

66200 7992

66300 8047

66400 8339

66500 8321

66600 8156

66700 8157

66800 8150

66900 8035

67000 8057

67100 8120

67200 7879

67300 8101

67400 8012

67500 8176

67600 8294

67700 8288

67800 8136

67900 8458

68000 8150

68100 8156

68200 8262

68300 8184

68400 8156

68500 8253

68600 7963

68700 7945

68800 8098

68900 7970

69000 8234

69100 8059

69200 7793

69300 8211

69400 8195

69500 8239

69600 8157

69700 8005

69800 8049

69900 8166

70000 8296

70100 7975

70200 8234

70300 7979

70400 8207

70500 8299

70600 7970

70700 8168

70800 8266

70900 8363

71000 8484

71100 7956

71200 8127

71300 7992

71400 7981

71500 8277

71600 8402

71700 8409

71800 8137

71900 8054

72000 7982

72100 8289

72200 8071

72300 8236

72400 8235

72500 8184

72600 8023

72700 8223

72800 8204

72900 8331

73000 8382

73100 8085

73200 7995

73300 8354

73400 7971

73500 8385

73600 8102

73700 8162

73800 8042

73900 8383

74000 8026

74100 8092

74200 8030

74300 8200

74400 8239

74500 8166

74600 8179

74700 8070

74800 8214

74900 8400

75000 8370

75100 8145

75200 8213

75300 8131

75400 8076

75500 8256

75600 8406

75700 8140

75800 8130

75900 8205

76000 8276

76100 7953

76200 8108

76300 8126

76400 8264

76500 8010

76600 7865

76700 8102

76800 8173

76900 8337

77000 8117

77100 8294

77200 8094

77300 8108

77400 8215

77500 8430

77600 7763

77700 7956

77800 8168

77900 8251

78000 8103

78100 8263

78200 8375

78300 8141

78400 8095

78500 8141

78600 8133

78700 8318

78800 8290

78900 8001

79000 8312

79100 8139

79200 8009

79300 8172

79400 7987

79500 8095

79600 8165

79700 8096

79800 8328

79900 8360

80000 8064

80100 8373

80200 8412

80300 7958

80400 7902

80500 8235

80600 8305

80700 8030

80800 8148

80900 8239

81000 8193

81100 7931

81200 8198

81300 8334

81400 8121

81500 8446

81600 8252

81700 8264

81800 7874

81900 8094

82000 8226

82100 8221

82200 7934

82300 8187

82400 8303

82500 8070

82600 8292

82700 8147

82800 8107

82900 8420

83000 8177

83100 8100

83200 8481

83300 8325

83400 8167

83500 8028

83600 8222

83700 8323

83800 8420

83900 8015

84000 8020

84100 8099

84200 8171

84300 8123

84400 8298

84500 8337

84600 8196

84700 8198

84800 8334

84900 8022

85000 8148

85100 8081

85200 8121

85300 8397

85400 7951

85500 8049

85600 8390

85700 8032

85800 8103

85900 8171

86000 8631

86100 8218

86200 7973

86300 8216

86400 7792

86500 8047

86600 8164

86700 8503

86800 8230

86900 8057

87000 8164

87100 8004

87200 8464

87300 8263

87400 8134

87500 8121

87600 7996

87700 8264

87800 8074

87900 8422

88000 8373

88100 8506

88200 8171

88300 8363

88400 8107

88500 8218

88600 8417

88700 8275

88800 8132

88900 8353

89000 7977

89100 8096

89200 8169

89300 8421

89400 8056

89500 8240

89600 7987

89700 8301

89800 8256

89900 8192

90000 8325

90100 8330

90200 8290

90300 7888

90400 8218

90500 8258

90600 8524

90700 8186

90800 8516

90900 8148

91000 8212

91100 8246

91200 8111

91300 8273

91400 8112

91500 8237

91600 8226

91700 8197

91800 7979

91900 8055

92000 8241

92100 8060

92200 8199

92300 8000

92400 8251

92500 8108

92600 8390

92700 7941

92800 8048

92900 8243

93000 8212

93100 8258

93200 8497

93300 8369

93400 8189

93500 7953

93600 8152

93700 8394

93800 8265

93900 8056

94000 8281

94100 8135

94200 8192

94300 8015

94400 8222

94500 8253

94600 8067

94700 8366

94800 8322

94900 8016

95000 8079

95100 8241

95200 8089

95300 7962

95400 8139

95500 8324

95600 8304

95700 8280

95800 8282

95900 8257

96000 8183

96100 8094

96200 8353

96300 8348

96400 8526

96500 8236

96600 8056

96700 8245

96800 8020

96900 8129

97000 8165

97100 7919

97200 8234

97300 8147

97400 8271

97500 8160

97600 8146

97700 8192

97800 8009

97900 8215

98000 8190

98100 8035

98200 8312

98300 8230

98400 8154

98500 8222

98600 8185

98700 8054

98800 8220

98900 7964

99000 8224

99100 8101

99200 8356

99300 8545

99400 8221

99500 8017

99600 7934

99700 8052

99800 8245

99900 8372

100000 16

100100 1955

100200 6166

100300 8080

100400 8247

100500 8299

100600 8161

100700 8354

100800 8028

100900 7903

101000 8168

101100 8193

101200 8259

101300 8191

101400 8045

101500 8149

101600 7929

101700 8151

101800 7834

101900 8346

102000 8283

102100 7952

102200 8029

102300 8054

102400 8021

102500 8040

102600 8063

102700 8027

102800 8202

102900 8060

103000 8323

103100 7997

103200 8051

103300 8097

103400 8317

103500 8119

103600 8086

103700 7881

103800 8007

103900 8386

104000 8674

104100 8066

104200 7913

104300 8108

104400 8290

104500 8340

104600 7977

104700 8540

104800 8093

104900 8075

105000 7949

105100 8295

105200 8133

105300 8448

105400 8136

105500 8028

105600 8162

105700 8005

105800 8278

105900 8366

106000 7969

106100 8199

106200 7871

106300 8072

106400 7968

106500 8220

106600 8400

106700 8103

106800 7875

106900 8038

107000 8015

107100 8091

107200 8135

107300 7922

107400 8086

107500 8020

107600 8162

107700 8110

107800 8383

107900 8002

108000 7968

108100 8123

108200 8066

108300 8110

108400 8250

108500 8210

108600 8368

108700 8058

108800 8298

108900 8093

109000 8363

109100 7943

109200 8045

109300 8224

109400 8371

109500 8184

109600 8043

109700 8169

109800 8528

109900 8204

110000 8280

110100 8074

110200 8339

110300 8186

110400 8308

110500 8389

110600 8208

110700 7821

110800 7931

110900 8178

111000 8337

111100 8038

111200 8135

111300 8438

111400 8207

111500 8477

111600 8114

111700 8026

111800 8164

111900 8204

112000 8092

112100 8220

112200 8197

112300 8134

112400 8311

112500 8219

112600 8079

112700 8489

112800 8067

112900 8169

113000 8398

113100 8172

113200 7948

113300 8253

113400 7717

113500 8148

113600 8274

113700 8174

113800 8398

113900 8157

114000 8363

114100 8149

114200 7849

114300 8285

114400 8241

114500 8388

114600 7930

114700 8193

114800 8242

114900 8123

115000 8129

115100 8216

115200 7973

115300 8199

115400 7884

115500 8130

115600 8236

115700 8295

115800 8396

115900 8190

116000 8024

116100 8208

116200 8351

116300 8288

116400 8139

116500 8365

116600 8491

116700 8278

116800 8140

116900 8482

117000 8041

117100 8011

117200 8171

117300 8120

117400 8325

117500 8215

117600 8135

117700 8231

117800 8329

117900 8034

118000 8036

118100 8269

118200 8087

118300 8109

118400 7983

118500 8153

118600 7927

118700 8251

118800 8131

118900 8237

119000 8366

119100 8360

119200 8044

119300 8245

119400 8320

119500 8515

119600 8106

119700 8106

119800 8168

119900 8210

120000 8076

120100 8317

120200 8220

120300 8077

120400 8241

120500 8025

120600 8327

120700 8051

120800 8286

120900 8071

121000 8203

121100 8350

121200 8229

121300 8219

121400 8221

121500 8111

121600 8228

121700 8225

121800 8316

121900 7894

122000 8178

122100 8117

122200 8022

122300 8309

122400 8067

122500 8298

122600 8166

122700 8204

122800 8266

122900 8496

123000 8285

123100 8227

123200 8106

123300 8218

123400 8040

123500 8218

123600 8308

123700 8130

123800 8216

123900 8044

124000 8167

124100 8070

124200 8099

124300 8506

124400 8218

124500 8252

124600 8341

124700 8196

124800 8009

124900 8176

125000 8061

125100 8336

125200 8135

125300 8258

125400 8099

125500 8226

125600 8240

125700 8060

125800 8286

125900 8027

126000 8265

126100 8418

126200 8157

126300 8263

126400 8102

126500 8179

126600 8192

126700 8152

126800 8118

126900 8407

127000 8489

127100 8028

127200 8097

127300 8233

127400 8141

127500 8006

127600 8586

127700 8258

127800 8304

127900 8126

128000 8284

128100 7928

128200 8121

128300 8238

128400 8355

128500 7978

128600 7931

128700 7949

128800 8167

128900 8025

129000 7912

129100 8062

129200 8029

129300 8161

129400 8494

129500 8061

129600 8421

129700 8094

129800 8217

129900 8140

130000 7890

130100 8168

130200 8205

130300 8322

130400 7941

130500 8022

130600 8004

130700 8077

130800 8229

130900 7982

131000 8195

131100 7973

131200 7893

131300 7964

131400 8127

131500 8204

131600 8207

131700 8424

131800 8047

131900 7973

132000 7934

132100 8192

132200 8123

132300 8030

132400 8186

132500 8269

132600 8191

132700 8095

132800 8062

132900 8123

133000 8070

133100 8372

133200 8073

133300 8372

133400 8259

133500 8237

133600 8328

133700 8073

133800 8206

133900 7846

134000 8164

134100 8045

134200 8095

134300 8195

134400 8170

134500 8505

134600 8084

134700 8002

134800 8314

134900 8097

135000 8152

135100 8171

135200 8343

135300 8055

135400 8206

135500 8140

135600 8027

135700 8123

135800 7899

135900 7936

136000 8355

136100 8080

136200 8331

136300 8416

136400 8021

136500 8079

136600 8179

136700 8059

136800 8177

136900 8119

137000 8080

137100 8425

137200 8234

137300 7956

137400 8208

137500 8307

137600 8138

137700 8296

137800 8025

137900 8119

138000 7931

138100 8086

138200 8071

138300 8225

138400 8221

138500 8215

138600 8223

138700 8145

138800 8098

138900 7974

139000 8070

139100 8035

139200 8001

139300 8068

139400 7851

139500 8011

139600 7988

139700 8155

139800 8226

139900 8274

140000 8316

140100 8213

140200 8056

140300 8189

140400 8324

140500 8310

140600 8339

140700 8190

140800 8078

140900 8131

141000 8039

141100 8541

141200 8259

141300 8310

141400 8033

141500 8238

141600 8059

141700 8171

141800 8273

141900 8294

142000 8299

142100 8415

142200 8008

142300 8118

142400 8084

142500 8240

142600 8160

142700 8063

142800 8034

142900 7860

143000 8077

143100 8165

143200 8369

143300 8245

143400 8228

143500 8354

143600 8213

143700 8209

143800 8103

143900 8086

144000 8024

144100 8299

144200 8371

144300 8016

144400 8149

144500 8210

144600 8309

144700 8231

144800 8559

144900 8144

145000 7915

145100 8379

145200 8173

145300 8410

145400 8191

145500 8060

145600 8167

145700 8302

145800 7973

145900 8147

146000 8038

146100 7993

146200 7904

146300 8161

146400 7909

146500 8125

146600 8082

146700 8311

146800 8286

146900 8054

147000 8077

147100 7833

147200 8220

147300 7908

147400 8542

147500 8010

147600 8044

147700 8076

147800 8020

147900 8168

148000 8055

148100 8482

148200 8361

148300 8023

148400 8067

148500 7997

148600 8339

148700 8326

148800 7941

148900 8070

149000 8010

149100 8064

149200 7985

149300 8095

149400 8368

149500 8177

149600 8326

149700 8259

149800 8221

149900 7890

150000 7999

150100 8351

150200 8241

150300 8362

150400 8256

150500 8177

150600 7975

150700 8103

150800 7997

150900 8062

151000 8309

151100 8078

151200 8101

151300 8332

151400 7864

151500 8284

151600 8241

151700 7871

151800 8140

151900 8035

152000 8300

152100 8316

152200 8274

152300 7985

152400 8340

152500 7982

152600 8201

152700 8281

152800 8367

152900 8082

153000 7926

153100 8140

153200 8112

153300 8120

153400 8458

153500 8431

153600 8098

153700 8014

153800 8312

153900 8091

154000 8066

154100 7969

154200 8033

154300 8124

154400 8276

154500 7721

154600 8123

154700 7825

154800 8370

154900 7991

155000 8162

155100 8164

155200 8296

155300 7959

155400 8309

155500 8335

155600 8021

155700 8185

155800 8019

155900 7842

156000 8402

156100 8006

156200 7956

156300 7753

156400 8133

156500 8019

156600 8362

156700 8090

156800 8292

156900 7755

157000 8133

157100 8054

157200 8144

157300 8188

157400 8292

157500 7888

157600 8040

157700 8296

157800 8255

157900 8377

158000 8128

158100 8102

158200 8303

158300 8207

158400 8230

158500 8221

158600 8174

158700 8208

158800 8375

158900 8187

159000 8073

159100 8200

159200 7985

159300 8304

159400 8404

159500 8171

159600 8177

159700 8086

159800 8040

159900 8367

160000 7987

160100 8210

160200 8435

160300 8161

160400 8155

160500 8027

160600 8420

160700 8267

160800 7985

160900 8146

161000 8282

161100 8210

161200 8361

161300 8130

161400 8229

161500 8237

161600 8208

161700 7999

161800 7804

161900 8260

162000 8109

162100 8271

162200 7993

162300 7933

162400 7946

162500 8134

162600 8158

162700 7997

162800 8350

162900 8293

163000 8210

163100 8452

163200 8187

163300 7978

163400 8200

163500 8138

163600 8327

163700 8048

163800 8195

163900 8072

164000 8080

164100 8108

164200 8222

164300 8254

164400 8130

164500 8302

164600 8079

164700 8153

164800 8175

164900 8321

165000 8189

165100 7937

165200 8074

165300 8198

165400 7944

165500 8170

165600 8615

165700 8333

165800 7867

165900 8148

166000 8044

166100 8283

166200 8247

166300 8166

166400 8195

166500 8350

166600 8169

166700 8109

166800 8288

166900 8303

167000 8287

167100 8013

167200 8147

167300 8379

167400 8269

167500 8054

167600 8349

167700 8182

167800 8239

167900 8251

168000 8098

168100 7879

168200 8002

168300 8389

168400 8084

168500 8196

168600 8307

168700 8246

168800 8014

168900 8153

169000 8187

169100 8285

169200 8172

169300 8321

169400 8530

169500 7997

169600 8407

169700 8517

169800 8169

169900 8307

170000 8060

170100 8090

170200 8014

170300 8095

170400 8273

170500 8337

170600 8368

170700 8018

170800 8073

170900 8152

171000 8275

171100 8096

171200 8111

171300 8390

171400 8430

171500 8193

171600 8163

171700 8133

171800 8516

171900 8085

172000 8307

172100 7833

172200 8168

172300 8041

172400 8232

172500 8108

172600 8264

172700 7983

172800 8266

172900 8149

173000 8207

173100 8149

173200 8059

173300 8076

173400 8028

173500 8077

173600 8183

173700 8158

173800 8127

173900 8061

174000 8058

174100 8102

174200 8045

174300 8081

174400 8177

174500 8206

174600 8013

174700 7929

174800 8040

174900 8309

175000 8140

175100 8301

175200 7991

175300 8476

175400 8247

175500 8252

175600 8334

175700 8124

175800 8436

175900 8328

176000 8028

176100 8176

176200 8092

176300 8165

176400 8085

176500 8276

176600 8267

176700 8428

176800 8135

176900 8211

177000 8308

177100 8217

177200 8286

177300 8161

177400 8093

177500 8290

177600 8327

177700 8101

177800 8063

177900 8133

178000 8443

178100 8221

178200 8311

178300 8023

178400 8076

178500 7987

178600 8138

178700 8268

178800 8154

178900 8090

179000 8281

179100 8184

179200 8495

179300 8024

179400 8290

179500 8345

179600 8373

179700 8278

179800 8335

179900 8013

180000 8061

180100 8170

180200 8034

180300 8121

180400 8124

180500 7935

180600 8259

180700 7912

180800 8077

180900 8267

181000 8273

181100 8451

181200 8072

181300 7997

181400 8082

181500 8249

181600 8130

181700 8196

181800 7980

181900 8050

182000 8219

182100 8212

182200 8082

182300 8144

182400 8137

182500 8123

182600 7912

182700 8218

182800 8432

182900 8238

183000 7956

183100 7896

183200 8543

183300 7939

183400 8219

183500 8025

183600 8077

183700 8202

183800 7930

183900 7970

184000 8175

184100 8148

184200 8075

184300 8067

184400 8612

184500 8033

184600 7921

184700 8237

184800 8132

184900 8472

185000 8035

185100 8191

185200 8133

185300 8228

185400 8046

185500 8213

185600 8441

185700 8273

185800 8285

185900 7952

186000 8248

186100 8255

186200 8066

186300 8182

186400 8044

186500 8325

186600 8135

186700 8233

186800 7950

186900 8116

187000 8284

187100 8174

187200 7945

187300 8140

187400 8116

187500 8192

187600 8341

187700 8055

187800 8215

187900 8034

188000 8281

188100 8212

188200 8273

188300 8133

188400 7941

188500 8303

188600 7912

188700 8218

188800 8244

188900 8138

189000 8309

189100 8439

189200 8199

189300 8340

189400 8253

189500 8084

189600 8069

189700 8187

189800 8309

189900 8167

190000 8051

190100 8097

190200 7974

190300 8098

190400 8233

190500 7962

190600 8019

190700 8327

190800 8146

190900 8069

191000 8384

191100 8283

191200 8256

191300 8587

191400 8225

191500 8379

191600 8457

191700 8251

191800 8366

191900 8247

192000 8070

192100 8103

192200 8281

192300 8122

192400 8074

192500 8068

192600 8220

192700 8391

192800 8050

192900 8304

193000 8396

193100 8096

193200 8006

193300 8109

193400 8043

193500 8037

193600 8210

193700 8498

193800 8084

193900 7922

194000 8025

194100 8523

194200 8372

194300 8084

194400 8419

194500 8294

194600 8054

194700 8346

194800 8057

194900 8242

195000 8226

195100 8213

195200 8131

195300 7968

195400 8293

195500 8067

195600 8295

195700 8033

195800 8489

195900 8224

196000 8078

196100 8035

196200 8247

196300 8351

196400 8190

196500 7993

196600 8507

196700 7871

196800 8331

196900 8117

197000 8290

197100 8141

197200 8351

197300 8283

197400 8146

197500 8117

197600 8260

197700 8272

197800 8286

197900 8049

198000 8052

198100 8266

198200 8231

198300 8267

198400 8047

198500 8092

198600 8490

198700 7949

198800 8373

198900 8416

199000 8067

199100 8145

199200 8312

199300 8044

199400 8275

199500 7946

199600 8077

199700 8408

199800 8300

199900 8456

200000 7803

