update tasks_solved
0 1

100 434

200 2136

300 4991

400 8003

500 7922

600 7920

700 8233

800 8341

900 8250

1000 8205

1100 8113

1200 8050

1300 8202

1400 8261

1500 8061

1600 8266

1700 8369

1800 8133

1900 8310

2000 8366

2100 8005

2200 8212

2300 8252

2400 8221

2500 8317

2600 7922

2700 8584

2800 8217

2900 8056

3000 8015

3100 7996

3200 7882

3300 8109

3400 8386

3500 8191

3600 8274

3700 8336

3800 8013

3900 8061

4000 8298

4100 7981

4200 8147

4300 8187

4400 8322

4500 8188

4600 8413

4700 8254

4800 8270

4900 8128

5000 8307

5100 8210

5200 7942

5300 8327

5400 8027

5500 8093

5600 7890

5700 8570

5800 8170

5900 8241

6000 8148

6100 8384

6200 8093

6300 8148

6400 8196

6500 7970

6600 7941

6700 8099

6800 8234

6900 7861

7000 8167

7100 8386

7200 7919

7300 8004

7400 8166

7500 7890

7600 8050

7700 8012

7800 8101

7900 8263

8000 8104

8100 8198

8200 8071

8300 8127

8400 8094

8500 8013

8600 8140

8700 8079

8800 8275

8900 8160

9000 8244

9100 8398

9200 7898

9300 8085

9400 8170

9500 8005

9600 8023

9700 8159

9800 8324

9900 8290

10000 7750

10100 8358

10200 8391

10300 8087

10400 8491

10500 8200

10600 8368

10700 8134

10800 8136

10900 8042

11000 7976

11100 8234

11200 8240

11300 8219

11400 8102

11500 7923

11600 8129

11700 8303

11800 8131

11900 8324

12000 8317

12100 8132

12200 8459

12300 8104

12400 8022

12500 8509

12600 8209

12700 8020

12800 8172

12900 7980

13000 8412

13100 8285

13200 8098

13300 8132

13400 8121

13500 8196

13600 7981

13700 8323

13800 8376

13900 8078

14000 8431

14100 8187

14200 8152

14300 8036

14400 8098

14500 8145

14600 8075

14700 7979

14800 8327

14900 8228

15000 8419

15100 8447

15200 8358

15300 8295

15400 8039

15500 8325

15600 8170

15700 8295

15800 7725

15900 8272

16000 8217

16100 8247

16200 8241

16300 8376

16400 8199

16500 8018

16600 8092

16700 8243

16800 8107

16900 8306

17000 8252

17100 8170

17200 8406

17300 8344

17400 8127

17500 8236

17600 8101

17700 8293

17800 8124

17900 7966

18000 8235

18100 8073

18200 8289

18300 7936

18400 8303

18500 8330

18600 7879

18700 8230

18800 8313

18900 8102

19000 8011

19100 8157

19200 8218

19300 8086

19400 8029

19500 8607

19600 8518

19700 8096

19800 8260

19900 8109

20000 8104

20100 8093

20200 8183

20300 8383

20400 8268

20500 8525

20600 8516

20700 8067

20800 8375

20900 8036

21000 8471

21100 7974

21200 8006

21300 8241

21400 8223

21500 8084

21600 8201

21700 8191

21800 8230

21900 8186

22000 8092

22100 8084

22200 8004

22300 8313

22400 8220

22500 7725

22600 8150

22700 8229

22800 8168

22900 8035

23000 7983

23100 8031

23200 7860

23300 8156

23400 7923

23500 8299

23600 8171

23700 8024

23800 8299

23900 8323

24000 8500

24100 8020

24200 8070

24300 7958

24400 7949

24500 8204

24600 8226

24700 8156

24800 8202

24900 8094

25000 8076

25100 7954

25200 8010

25300 8010

25400 8280

25500 8056

25600 8451

25700 8109

25800 8295

25900 8296

26000 8405

26100 8283

26200 7880

26300 8043

26400 8050

26500 8561

26600 8159

26700 7895

26800 8047

26900 8349

27000 8029

27100 8274

27200 7899

27300 8354

27400 8284

27500 7931

27600 7962

27700 8146

27800 8355

27900 8224

28000 8160

28100 8201

28200 8273

28300 8189

28400 8352

28500 8132

28600 8151

28700 8283

28800 7919

28900 8026

29000 8103

29100 8214

29200 7994

29300 8347

29400 8272

29500 8261

29600 8388

29700 8207

29800 8120

29900 7957

30000 8203

30100 8047

30200 8361

30300 8196

30400 7994

30500 7969

30600 8151

30700 8021

30800 8278

30900 8235

31000 8077

31100 8002

31200 8221

31300 8259

31400 8019

31500 8064

31600 8299

31700 7890

31800 8479

31900 8227

32000 8224

32100 8324

32200 8324

32300 8142

32400 8136

32500 7987

32600 7993

32700 7967

32800 8066

32900 8281

33000 8219

33100 8281

33200 8126

33300 8203

33400 8099

33500 7832

33600 8216

33700 8208

33800 8068

33900 8580

34000 7790

34100 8078

34200 8170

34300 8041

34400 7952

34500 8066

34600 8357

34700 8372

34800 8095

34900 8121

35000 8088

35100 8313

35200 8074

35300 8425

35400 7980

35500 8002

35600 8071

35700 8205

35800 8165

35900 8013

36000 8499

36100 8368

36200 8072

36300 7984

36400 8164

36500 8555

36600 7989

36700 8163

36800 8035

36900 8165

37000 7998

37100 7775

37200 8119

37300 8189

37400 8113

37500 7935

37600 8104

37700 8328

37800 7956

37900 8286

38000 7836

38100 8284

38200 8462

38300 8128

38400 8381

38500 8107

38600 7899

38700 7922

38800 7949

38900 8218

39000 8170

39100 8311

39200 8449

39300 8233

39400 8272

39500 8271

39600 8072

39700 8128

39800 8112

39900 8050

40000 8292

40100 8239

40200 8038

40300 8284

40400 8279

40500 8098

40600 8133

40700 8022

40800 8294

40900 8132

41000 8027

41100 8307

41200 8060

41300 7992

41400 8061

41500 8278

41600 8210

41700 8033

41800 8120

41900 8333

42000 8411

42100 8177

42200 8291

42300 8383

42400 8052

42500 8326

42600 8174

42700 8198

42800 8121

42900 8086

43000 8375

43100 8403

43200 8085

43300 8251

43400 8069

43500 8108

43600 8458

43700 8115

43800 8185

43900 8140

44000 8207

44100 8030

44200 8164

44300 8451

44400 8018

44500 8039

44600 8236

44700 8230

44800 8311

44900 8195

45000 8193

45100 8088

45200 8179

45300 8082

45400 8202

45500 7835

45600 8230

45700 8537

45800 8428

45900 8223

46000 8177

46100 8273

46200 7945

46300 8364

46400 8045

46500 7942

46600 8075

46700 8284

46800 7999

46900 8330

47000 8000

47100 8311

47200 8605

47300 7799

47400 8236

47500 8124

47600 7815

47700 7906

47800 8184

47900 8073

48000 8164

48100 7927

48200 8228

48300 8354

48400 8245

48500 8091

48600 8468

48700 8068

48800 8360

48900 8083

49000 8124

49100 8090

49200 8264

49300 8084

49400 7949

49500 8227

49600 8248

49700 7985

49800 8385

49900 8163

50000 8236

50100 8110

50200 8223

50300 7942

50400 8167

50500 7966

50600 8234

50700 8146

50800 8192

50900 8142

51000 7923

51100 7873

51200 8187

51300 8528

51400 7947

51500 8288

51600 8139

51700 7936

51800 8199

51900 8349

52000 7956

52100 7988

52200 8093

52300 8283

52400 7881

52500 8339

52600 8196

52700 8286

52800 8175

52900 8117

53000 8236

53100 8623

53200 8151

53300 8095

53400 8175

53500 8555

53600 7942

53700 8027

53800 7965

53900 8023

54000 8261

54100 8337

54200 8350

54300 8304

54400 8113

54500 8270

54600 8200

54700 8065

54800 8009

54900 8209

55000 8309

55100 8107

55200 7983

55300 8074

55400 7884

55500 8049

55600 8102

55700 8066

55800 8289

55900 7831

56000 8181

56100 8115

56200 7890

56300 7842

56400 8142

56500 8164

56600 7968

56700 8127

56800 8059

56900 8100

57000 8034

57100 8212

57200 8036

57300 8093

57400 8261

57500 7973

57600 7865

57700 8198

57800 8325

57900 8216

58000 8243

58100 8081

58200 8255

58300 8352

58400 8206

58500 8230

58600 8225

58700 8520

58800 8060

58900 8160

59000 8432

59100 7875

59200 7975

59300 8382

59400 7804

59500 8207

59600 8526

59700 8377

59800 8296

59900 8439

60000 8101

60100 8323

60200 8172

60300 8197

60400 8527

60500 7967

60600 8121

60700 8084

60800 8008

60900 8348

61000 8109

61100 8011

61200 8283

61300 8201

61400 7972

61500 7868

61600 8006

61700 8231

61800 8192

61900 8156

62000 8249

62100 8104

62200 8167

62300 7999

62400 8577

62500 8055

62600 8073

62700 8231

62800 8176

62900 8159

63000 8286

63100 8158

63200 8326

63300 8025

63400 8166

63500 8092

63600 8285

63700 8202

63800 8182

63900 8062

64000 8077

64100 7984

64200 8102

64300 8104

64400 8315

64500 8186

64600 8165

64700 8364

64800 8122

64900 8101

65000 8405

65100 8273

65200 8288

65300 8150

65400 8152

65500 8096

65600 8100

65700 8146

65800 8284

65900 8061

66000 8270

66100 8266

66200 8110

66300 8442

66400 8233

66500 8256

66600 8117

66700 8354

66800 7828

66900 8374

67000 8114

67100 8129

67200 8214

67300 8306

67400 8253

67500 8207

67600 8103

67700 8317

67800 8158

67900 8170

68000 8057

68100 8277

68200 8168

68300 7903

68400 8145

68500 8040

68600 7975

68700 8169

68800 8112

68900 7911

69000 8159

69100 8032

69200 8261

69300 8050

69400 8208

69500 8286

69600 8051

69700 8045

69800 8011

69900 8374

70000 8130

70100 7934

70200 8282

70300 8104

70400 7904

70500 8045

70600 8228

70700 8014

70800 8038

70900 8123

71000 8137

71100 8289

71200 7998

71300 8086

71400 8005

71500 8115

71600 8028

71700 8185

71800 7967

71900 8336

72000 8199

72100 8266

72200 8309

72300 8401

72400 8249

72500 8096

72600 8047

72700 8217

72800 8194

72900 8270

73000 8402

73100 8343

73200 8239

73300 8374

73400 8346

73500 8085

73600 8212

73700 8344

73800 7791

73900 8285

74000 8039

74100 8039

74200 8232

74300 8157

74400 8104

74500 8002

74600 7783

74700 8343

74800 8112

74900 8235

75000 8225

75100 8111

75200 7963

75300 8300

75400 8339

75500 8320

75600 8336

75700 8391

75800 8197

75900 8228

76000 8316

76100 8060

76200 8164

76300 8210

76400 8656

76500 8165

76600 8089

76700 8001

76800 8164

76900 8471

77000 8159

77100 8225

77200 8108

77300 8180

77400 8292

77500 8221

77600 8241

77700 7913

77800 8163

77900 8201

78000 8306

78100 8240

78200 8248

78300 8212

78400 8176

78500 8063

78600 8025

78700 8083

78800 8167

78900 8255

79000 8241

79100 8045

79200 7927

79300 7770

79400 8028

79500 8229

79600 7962

79700 8057

79800 7991

79900 8327

80000 8199

80100 7979

80200 8279

80300 8105

80400 7938

80500 8078

80600 8026

80700 8242

80800 7972

80900 8022

81000 8142

81100 8025

81200 8362

81300 8118

81400 8125

81500 8295

81600 8104

81700 8079

81800 8209

81900 8273

82000 7984

82100 8082

82200 8003

82300 8156

82400 8157

82500 8227

82600 8365

82700 8275

82800 8113

82900 8011

83000 8100

83100 8196

83200 8091

83300 7851

83400 7908

83500 8278

83600 8243

83700 8252

83800 8184

83900 7786

84000 8091

84100 8235

84200 8332

84300 8279

84400 8156

84500 8090

84600 8255

84700 8249

84800 8384

84900 8349

85000 8205

85100 8093

85200 8078

85300 8015

85400 8100

85500 8170

85600 8098

85700 8325

85800 8170

85900 8293

86000 8040

86100 8050

86200 8208

86300 8124

86400 7854

86500 8139

86600 8499

86700 8119

86800 8353

86900 8463

87000 7857

87100 8349

87200 7940

87300 8090

87400 8137

87500 8542

87600 8141

87700 8040

87800 8157

87900 8675

88000 8281

88100 8373

88200 7963

88300 8373

88400 8184

88500 8096

88600 8335

88700 8444

88800 8426

88900 8011

89000 8369

89100 8180

89200 8154

89300 7755

89400 8046

89500 8342

89600 8191

89700 8216

89800 8321

89900 8180

90000 8166

90100 8137

90200 8346

90300 8253

90400 8114

90500 8113

90600 8079

90700 8421

90800 8299

90900 8103

91000 7998

91100 8177

91200 8355

91300 8241

91400 8235

91500 8344

91600 8069

91700 8222

91800 8214

91900 8085

92000 8029

92100 8231

92200 8186

92300 8262

92400 7965

92500 8198

92600 8238

92700 8200

92800 8160

92900 8620

93000 8203

93100 8072

93200 8203

93300 8083

93400 8367

93500 8408

93600 7996

93700 8271

93800 8159

93900 8190

94000 8297

94100 8244

94200 8090

94300 8139

94400 7977

94500 8175

94600 8305

94700 8412

94800 8256

94900 8223

95000 8297

95100 8099

95200 8318

95300 7888

95400 8091

95500 8124

95600 8121

95700 8067

95800 8200

95900 8189

96000 8263

96100 8101

96200 8134

96300 8062

96400 8168

96500 8191

96600 8340

96700 8008

96800 8292

96900 8111

97000 8292

97100 8348

97200 8290

97300 8030

97400 8429

97500 8163

97600 8010

97700 8270

97800 8022

97900 8184

98000 8240

98100 8003

98200 8234

98300 8387

98400 8037

98500 8265

98600 8044

98700 7942

98800 7938

98900 8134

99000 8189

99100 8005

99200 7802

99300 7857

99400 8184

99500 8176

99600 8079

99700 8013

99800 8170

99900 8094

100000 14

100100 2134

100200 6203

100300 8186

100400 8366

100500 8227

100600 8152

100700 7995

100800 8195

100900 8125

101000 8254

101100 8113

101200 8336

101300 8474

101400 8120

101500 8070

101600 8130

101700 7817

101800 8313

101900 8118

102000 8140

102100 8099

102200 7841

102300 8253

102400 8216

102500 8120

102600 8239

102700 8195

102800 8165

102900 8113

103000 8366

103100 8190

103200 8234

103300 8177

103400 8153

103500 8073

103600 8028

103700 8171

103800 8319

103900 8093

104000 7941

104100 8104

104200 8171

104300 7891

104400 8122

104500 8223

104600 8250

104700 8027

104800 8089

104900 8287

105000 8332

105100 8050

105200 8225

105300 8437

105400 8246

105500 8119

105600 8395

105700 8352

105800 8325

105900 7966

106000 8120

106100 8316

106200 8204

106300 8364

106400 7875

106500 8167

106600 7915

106700 8031

106800 7745

106900 8059

107000 7997

107100 8329

107200 8498

107300 8203

107400 8025

107500 8174

107600 8437

107700 8197

107800 8224

107900 8297

108000 8131

108100 7934

108200 8166

108300 8456

108400 8084

108500 8342

108600 8121

108700 8125

108800 7898

108900 8130

109000 8156

109100 8196

109200 8032

109300 8185

109400 8214

109500 8101

109600 8137

109700 8104

109800 8198

109900 8280

110000 8167

110100 8231

110200 7969

110300 8137

110400 7780

110500 8016

110600 8204

110700 8290

110800 8273

110900 8296

111000 8072

111100 8395

111200 7895

111300 8028

111400 7947

111500 8180

111600 8233

111700 8157

111800 8282

111900 8371

112000 8093

112100 8250

112200 8287

112300 8498

112400 8228

112500 8192

112600 8244

112700 8253

112800 8200

112900 8156

113000 8066

113100 8345

113200 8198

113300 7999

113400 7998

113500 8375

113600 8036

113700 8081

113800 8146

113900 8400

114000 8133

114100 8332

114200 8075

114300 8114

114400 8271

114500 8391

114600 8088

114700 8194

114800 8172

114900 7991

115000 8263

115100 8388

115200 8164

115300 8307

115400 8143

115500 8232

115600 8303

115700 8195

115800 8307

115900 7887

116000 8072

116100 8129

116200 8011

116300 7926

116400 8060

116500 8372

116600 8113

116700 8154

116800 8250

116900 8226

117000 8438

117100 8257

117200 7901

117300 8261

117400 8276

117500 8031

117600 7882

117700 8426

117800 8209

117900 8112

118000 8094

118100 7902

118200 8270

118300 8076

118400 8295

118500 8644

118600 8264

118700 8140

118800 8355

118900 8272

119000 8265

119100 7865

119200 8235

119300 8286

119400 8094

119500 8436

119600 8426

119700 8337

119800 8046

119900 7961

120000 7977

120100 8160

120200 8188

120300 8341

120400 8098

120500 8187

120600 8124

120700 8103

120800 8398

120900 8230

121000 8448

121100 8201

121200 8282

121300 7993

121400 8147

121500 8359

121600 8100

121700 8347

121800 8225

121900 8192

122000 8181

122100 8004

122200 8125

122300 8017

122400 8193

122500 8325

122600 8369

122700 8009

122800 8134

122900 7928

123000 7932

123100 8082

123200 8061

123300 8066

123400 8089

123500 8319

123600 8314

123700 7974

123800 8193

123900 8213

124000 8129

124100 8067

124200 8244

124300 8243

124400 8407

124500 8231

124600 7860

124700 7979

124800 8129

124900 7977

125000 7826

125100 8019

125200 8367

125300 8148

125400 8035

125500 7950

125600 8096

125700 7964

125800 8274

125900 8040

126000 8335

126100 8547

126200 8115

126300 8047

126400 7928

126500 8256

126600 8333

126700 8155

126800 8238

126900 8212

127000 8479

127100 8158

127200 7947

127300 8006

127400 8294

127500 8098

127600 8180

127700 8017

127800 8281

127900 7919

128000 8260

128100 8385

128200 8173

128300 8170

128400 8093

128500 8309

128600 8070

128700 7912

128800 8149

128900 8026

129000 8380

129100 8194

129200 7832

129300 8022

129400 8420

129500 7999

129600 8392

129700 8059

129800 8138

129900 8409

130000 8195

130100 8292

130200 8421

130300 7942

130400 8166

130500 8149

130600 8445

130700 8489

130800 8205

130900 8117

131000 8038

131100 7969

131200 7839

131300 8034

131400 8270

131500 8016

131600 8403

131700 8242

131800 8010

131900 8204

132000 8063

132100 8283

132200 8039

132300 8372

132400 8301

132500 8112

132600 8050

132700 8147

132800 8192

132900 7902

133000 8145

133100 8181

133200 8412

133300 8194

133400 8204

133500 8245

133600 8025

133700 8339

133800 8526

133900 8239

134000 8430

134100 8025

134200 8067

134300 8273

134400 8252

134500 8175

134600 8076

134700 8214

134800 8150

134900 8059

135000 8402

135100 8098

135200 8132

135300 8138

135400 8255

135500 8134

135600 8213

135700 8236

135800 8123

135900 7997

136000 8292

136100 8192

136200 8243

136300 8112

136400 8118

136500 8233

136600 8037

136700 8185

136800 8103

136900 8329

137000 8196

137100 8260

137200 7807

137300 8328

137400 8201

137500 8084

137600 8029

137700 8466

137800 8128

137900 8237

138000 8104

138100 8193

138200 8282

138300 7993

138400 8065

138500 8268

138600 8080

138700 8254

138800 8261

138900 7850

139000 7996

139100 8256

139200 8046

139300 7970

139400 8024

139500 8201

139600 8172

139700 8237

139800 8338

139900 8240

140000 8330

140100 8676

140200 8124

140300 8352

140400 7940

140500 8176

140600 8214

140700 8437

140800 8149

140900 8097

141000 7939

141100 8119

141200 8018

141300 8360

141400 7971

141500 8204

141600 7956

141700 8319

141800 8101

141900 8238

142000 8059

142100 8010

142200 7948

142300 8183

142400 8168

142500 8260

142600 8146

142700 8201

142800 8354

142900 8239

143000 8163

143100 8147

143200 8351

143300 8167

143400 8233

143500 8341

143600 8203

143700 8372

143800 8349

143900 8441

144000 8114

144100 8411

144200 8204

144300 7801

144400 8007

144500 8171

144600 8323

144700 8000

144800 8029

144900 7932

145000 8001

145100 8133

145200 8034

145300 8127

145400 7944

145500 7896

145600 8226

145700 7981

145800 8210

145900 8260

146000 8104

146100 8150

146200 7913

146300 8337

146400 8427

146500 8228

146600 7854

146700 7996

146800 8524

146900 8187

147000 8164

147100 8300

147200 8321

147300 8283

147400 8150

147500 8146

147600 8183

147700 8599

147800 7966

147900 7945

148000 7985

148100 8163

148200 7988

148300 8358

148400 8117

148500 7950

148600 8042

148700 8397

148800 8195

148900 8384

149000 8238

149100 8286

149200 8222

149300 7860

149400 7961

149500 7864

149600 8218

149700 8100

149800 8316

149900 8354

150000 8077

150100 8409

150200 8310

150300 8056

150400 8331

150500 8269

150600 8269

150700 8248

150800 8239

150900 7939

151000 8099

151100 7941

151200 8502

151300 8139

151400 8182

151500 8215

151600 8241

151700 8093

151800 8263

151900 7976

152000 8061

152100 8084

152200 8152

152300 8172

152400 8150

152500 8248

152600 8244

152700 8244

152800 8264

152900 8323

153000 8226

153100 8095

153200 8368

153300 8082

153400 8112

153500 8159

153600 8471

153700 8114

153800 8426

153900 7924

154000 7871

154100 8272

154200 8105

154300 8137

154400 8323

154500 8025

154600 8017

154700 8373

154800 8137

154900 8422

155000 8096

155100 8074

155200 8068

155300 8437

155400 8335

155500 8399

155600 8304

155700 8120

155800 7928

155900 8143

156000 7944

156100 8278

156200 8153

156300 7817

156400 8243

156500 8317

156600 8261

156700 8346

156800 8072

156900 8128

157000 8452

157100 8276

157200 7870

157300 8078

157400 8237

157500 8148

157600 7963

157700 8043

157800 8441

157900 8169

158000 8280

158100 8111

158200 7887

158300 8027

158400 8444

158500 8081

158600 8318

158700 8199

158800 8394

158900 8154

159000 8245

159100 8198

159200 8028

159300 8169

159400 8380

159500 8191

159600 8320

159700 8378

159800 8083

159900 8323

160000 8347

160100 8389

160200 8324

160300 8132

160400 8233

160500 8246

160600 8223

160700 8291

160800 7899

160900 8004

161000 7856

161100 7980

161200 8248

161300 8318

161400 8219

161500 8152

161600 8306

161700 8054

161800 8100

161900 8376

162000 8191

162100 8331

162200 8281

162300 8440

162400 8409

162500 8361

162600 7918

162700 8160

162800 7864

162900 8069

163000 8236

163100 8097

163200 8481

163300 8208

163400 8064

163500 8006

163600 8097

163700 8322

163800 8179

163900 8142

164000 8149

164100 8294

164200 7990

164300 8119

164400 7954

164500 7916

164600 8225

164700 8113

164800 8272

164900 8286

165000 8009

165100 8195

165200 8018

165300 8100

165400 8164

165500 8413

165600 8446

165700 8188

165800 7935

165900 8270

166000 8268

166100 8053

166200 8256

166300 8146

166400 7977

166500 8175

166600 8455

166700 8202

166800 8221

166900 7917

167000 7848

167100 7892

167200 8349

167300 8296

167400 7913

167500 8191

167600 7996

167700 8086

167800 8063

167900 8357

168000 8253

168100 8371

168200 8143

168300 8402

168400 8427

168500 8095

168600 8287

168700 8133

168800 8116

168900 8341

169000 8204

169100 7984

169200 8345

169300 8205

169400 8057

169500 8025

169600 8526

169700 8117

169800 8193

169900 8199

170000 8124

170100 8132

170200 8172

170300 8152

170400 8280

170500 8186

170600 8394

170700 8127

170800 8174

170900 8244

171000 8516

171100 8407

171200 8203

171300 8282

171400 8417

171500 8134

171600 8155

171700 8009

171800 8190

171900 8172

172000 8284

172100 8132

172200 8329

172300 8059

172400 8354

172500 7986

172600 8404

172700 8130

172800 8198

172900 7824

173000 8191

173100 7762

173200 8084

173300 7930

173400 8083

173500 8239

173600 8259

173700 8330

173800 8153

173900 8329

174000 8245

174100 8233

174200 8351

174300 8496

174400 7863

174500 8466

174600 8327

174700 8152

174800 7831

174900 7971

175000 8040

175100 7980

175200 8204

175300 7992

175400 8013

175500 7873

175600 8120

175700 8409

175800 8110

175900 8301

176000 8230

176100 8192

176200 8257

176300 8005

176400 8004

176500 8067

176600 8112

176700 8179

176800 8150

176900 7914

177000 7936

177100 8222

177200 7933

177300 8096

177400 8139

177500 7937

177600 7949

177700 8067

177800 8145

177900 8009

178000 8035

178100 8162

178200 8460

178300 8125

178400 8186

178500 8211

178600 8258

178700 7877

178800 8240

178900 8114

179000 8163

179100 8329

179200 8142

179300 8215

179400 8335

179500 8150

179600 8159

179700 7956

179800 8251

179900 8133

180000 8082

180100 8091

180200 8287

180300 8121

180400 8260

180500 8219

180600 8086

180700 8033

180800 8036

180900 8201

181000 8179

181100 8311

181200 8424

181300 8208

181400 8084

181500 8526

181600 8125

181700 8087

181800 7803

181900 8476

182000 8046

182100 8449

182200 7951

182300 7978

182400 8155

182500 7958

182600 8171

182700 7979

182800 8193

182900 7989

183000 8326

183100 8115

183200 7951

183300 7990

183400 8355

183500 8056

183600 7977

183700 7994

183800 7977

183900 8100

184000 8186

184100 8032

184200 8391

184300 8234

184400 7951

184500 8258

184600 8275

184700 8125

184800 8304

184900 8131

185000 7975

185100 8160

185200 8222

185300 8152

185400 8262

185500 8462

185600 8284

185700 8224

185800 8019

185900 8173

186000 8194

186100 7998

186200 8083

186300 8074

186400 8268

186500 8604

186600 8114

186700 8030

186800 8281

186900 8202

187000 8289

187100 8218

187200 8021

187300 8246

187400 8071

187500 8003

187600 8391

187700 8304

187800 8006

187900 8244

188000 8314

188100 8322

188200 8046

188300 8295

188400 8003

188500 8160

188600 8326

188700 8130

188800 8071

188900 7960

189000 8191

189100 8348

189200 8165

189300 8179

189400 8156

189500 8121

189600 8074

189700 8332

189800 8313

189900 8188

190000 8180

190100 8019

190200 8251

190300 8072

190400 8263

190500 7847

190600 8076

190700 8229

190800 8097

190900 8157

191000 8098

191100 8459

191200 8140

191300 8103

191400 8020

191500 8226

191600 8089

191700 8195

191800 8074

191900 7980

192000 8325

192100 8207

192200 8346

192300 7914

192400 8011

192500 8276

192600 8077

192700 8276

192800 8269

192900 8221

193000 8019

193100 8195

193200 8278

193300 8291

193400 8114

193500 8245

193600 8043

193700 8006

193800 8140

193900 8169

194000 8339

194100 7926

194200 8213

194300 8269

194400 7838

194500 7967

194600 8295

194700 8287

194800 8055

194900 8225

195000 8378

195100 8032

195200 8244

195300 8161

195400 8380

195500 8213

195600 8301

195700 8010

195800 7829

195900 8081

196000 8392

196100 8092

196200 7949

196300 8207

196400 7944

196500 8109

196600 8087

196700 8285

196800 8607

196900 8224

197000 8386

197100 8169

197200 8382

197300 8290

197400 8212

197500 8134

197600 8274

197700 8241

197800 8269

197900 8088

198000 8488

198100 7902

198200 8283

198300 8078

198400 8219

198500 8230

198600 7939

198700 8309

198800 8048

198900 8180

199000 8273

199100 8183

199200 8198

199300 8400

199400 8139

199500 8053

199600 8107

199700 8044

199800 8434

199900 8263

200000 8181

