update,total number of tasks solved
0,1
100,602
200,2223
300,4921
400,7960
500,8249
600,8189
700,8120
800,8126
900,8029
1000,8187
1100,7946
1200,8271
1300,8011
1400,8018
1500,8292
1600,8176
1700,7998
1800,8109
1900,8217
2000,8042
2100,8116
2200,7968
2300,8109
2400,8264
2500,8200
2600,7932
2700,8159
2800,8364
2900,8358
3000,7962
3100,7950
3200,8036
3300,8184
3400,8221
3500,8025
3600,8340
3700,8316
3800,8147
3900,8364
4000,7926
4100,7799
4200,8033
4300,8216
4400,8310
4500,7968
4600,8053
4700,8387
4800,7958
4900,8050
5000,8254
5100,7968
5200,8175
5300,8102
5400,8207
5500,8126
5600,8254
5700,8226
5800,8113
5900,8192
6000,7925
6100,7979
6200,8183
6300,7938
6400,8057
6500,8043
6600,8191
6700,8265
6800,8138
6900,8084
7000,8154
7100,8165
7200,8183
7300,8154
7400,8432
7500,8123
7600,8134
7700,8038
7800,7848
7900,8302
8000,8122
8100,7738
8200,8165
8300,8175
8400,8615
8500,8328
8600,8112
8700,8072
8800,8153
8900,8213
9000,8274
9100,8092
9200,7978
9300,8326
9400,8535
9500,8153
9600,8307
9700,8136
9800,8391
9900,7966
10000,7961
10100,8112
10200,7969
10300,8250
10400,8495
10500,8150
10600,8073
10700,8203
10800,8194
10900,8109
11000,8131
11100,8199
11200,7970
11300,8052
11400,8181
11500,8278
11600,8010
11700,8202
11800,8053
11900,8027
12000,8342
12100,8193
12200,8116
12300,8069
12400,8176
12500,8061
12600,8181
12700,7948
12800,8423
12900,8321
13000,8523
13100,8380
13200,8274
13300,7994
13400,8057
13500,8148
13600,7939
13700,8198
13800,7888
13900,8273
14000,8158
14100,8334
14200,8244
14300,7986
14400,8022
14500,8036
14600,8165
14700,8172
14800,8195
14900,8149
15000,8256
15100,8157
15200,8262
15300,8336
15400,8286
15500,8429
15600,8178
15700,8579
15800,8211
15900,8169
16000,8138
16100,8236
16200,8274
16300,8466
16400,8267
16500,8072
16600,8146
16700,8017
16800,8060
16900,8383
17000,8204
17100,8124
17200,8060
17300,8307
17400,8088
17500,8382
17600,8413
17700,8404
17800,8346
17900,8055
18000,8065
18100,8236
18200,8246
18300,8074
18400,8242
18500,8426
18600,8388
18700,8249
18800,7996
18900,8324
19000,7948
19100,8163
19200,8219
19300,8021
19400,8006
19500,8052
19600,8289
19700,8309
19800,8064
19900,8145
20000,8241
20100,8027
20200,8390
20300,8111
20400,8323
20500,8287
20600,8066
20700,8371
20800,8293
20900,8419
21000,8314
21100,8068
21200,8320
21300,8055
21400,7958
21500,8394
21600,8226
21700,8235
21800,7856
21900,7946
22000,8280
22100,7821
22200,8261
22300,8017
22400,8145
22500,8022
22600,7900
22700,8247
22800,8355
22900,8144
23000,8204
23100,8206
23200,8037
23300,8302
23400,7792
23500,8154
23600,8603
23700,8173
23800,8328
23900,7923
24000,8081
24100,8244
24200,8317
24300,8483
24400,8056
24500,8350
24600,8310
24700,8190
24800,8189
24900,8420
25000,8318
25100,8178
25200,8489
25300,8160
25400,8096
25500,8303
25600,8074
25700,8055
25800,8176
25900,8441
26000,8139
26100,8121
26200,8026
26300,8422
26400,8417
26500,8041
26600,8264
26700,7874
26800,7997
26900,8314
27000,8223
27100,7913
27200,8060
27300,8202
27400,8308
27500,8225
27600,8065
27700,8131
27800,7971
27900,8310
28000,8119
28100,8036
28200,8344
28300,8106
28400,8128
28500,8019
28600,8346
28700,7958
28800,8142
28900,8318
29000,8102
29100,7958
29200,8143
29300,8141
29400,8129
29500,8230
29600,8001
29700,8055
29800,7976
29900,8262
30000,7951
30100,8048
30200,8152
30300,8067
30400,8203
30500,8168
30600,7883
30700,8009
30800,8148
30900,8201
31000,8363
31100,8320
31200,8210
31300,8015
31400,8265
31500,8326
31600,8572
31700,8226
31800,8137
31900,8091
32000,8118
32100,8046
32200,8133
32300,8143
32400,7861
32500,8162
32600,8286
32700,8445
32800,7880
32900,8295
33000,8290
33100,7982
33200,8295
33300,8243
33400,8360
33500,8105
33600,8719
33700,8291
33800,7974
33900,8210
34000,8112
34100,8083
34200,8160
34300,8214
34400,8293
34500,8245
34600,8247
34700,8116
34800,8304
34900,8195
35000,8409
35100,8203
35200,8172
35300,8203
35400,8197
35500,8189
35600,7891
35700,8182
35800,7827
35900,8162
36000,7840
36100,8176
36200,8101
36300,8355
36400,8027
36500,8389
36600,7926
36700,8272
36800,8174
36900,8253
37000,8213
37100,7968
37200,8164
37300,8051
37400,8330
37500,8059
37600,8229
37700,8277
37800,8153
37900,8307
38000,8168
38100,8062
38200,8218
38300,8192
38400,8089
38500,8311
38600,8230
38700,8118
38800,7946
38900,8315
39000,8172
39100,8064
39200,8136
39300,8097
39400,8439
39500,8369
39600,8079
39700,8309
39800,8015
39900,8246
40000,8145
40100,8117
40200,8226
40300,8289
40400,8534
40500,8062
40600,8075
40700,8267
40800,8056
40900,8282
41000,8091
41100,8514
41200,8162
41300,8018
41400,7932
41500,8185
41600,8172
41700,8009
41800,8110
41900,8572
42000,8188
42100,8253
42200,8223
42300,8192
42400,8297
42500,8636
42600,8032
42700,7904
42800,8181
42900,8573
43000,8148
43100,8068
43200,8366
43300,8025
43400,8341
43500,8199
43600,8329
43700,8298
43800,8103
43900,8254
44000,8014
44100,8217
44200,8068
44300,8294
44400,7928
44500,8115
44600,8160
44700,7922
44800,7948
44900,8271
45000,8378
45100,8151
45200,8234
45300,8157
45400,8082
45500,8209
45600,8020
45700,8126
45800,8224
45900,8321
46000,8339
46100,8063
46200,8151
46300,8208
46400,8343
46500,8321
46600,8144
46700,8151
46800,8044
46900,8176
47000,8240
47100,8065
47200,8270
47300,8106
47400,8349
47500,8095
47600,8016
47700,8072
47800,8181
47900,8049
48000,8200
48100,8381
48200,8239
48300,8075
48400,8261
48500,8370
48600,8154
48700,8248
48800,8197
48900,8279
49000,8003
49100,8380
49200,8155
49300,8074
49400,8167
49500,7989
49600,8142
49700,8344
49800,8350
49900,8365
50000,8274
50100,8134
50200,8253
50300,8395
50400,8107
50500,8232
50600,7990
50700,8176
50800,8283
50900,7909
51000,8269
51100,8055
51200,7907
51300,8119
51400,8075
51500,8048
51600,8111
51700,8106
51800,8253
51900,8129
52000,8322
52100,8060
52200,8338
52300,8236
52400,8224
52500,8143
52600,8152
52700,8070
52800,8014
52900,8211
53000,8374
53100,8187
53200,7924
53300,8194
53400,8052
53500,8218
53600,8211
53700,8029
53800,8368
53900,8326
54000,8161
54100,8455
54200,8082
54300,7898
54400,7949
54500,8263
54600,7990
54700,8143
54800,8037
54900,8219
55000,7898
55100,8270
55200,8245
55300,8218
55400,8173
55500,7980
55600,8336
55700,8188
55800,8268
55900,8173
56000,8344
56100,8406
56200,8191
56300,8104
56400,8066
56500,8104
56600,8229
56700,8183
56800,8129
56900,8109
57000,8255
57100,8406
57200,8118
57300,8302
57400,8093
57500,8130
57600,8439
57700,8206
57800,8014
57900,8065
58000,8120
58100,8131
58200,8150
58300,8172
58400,8356
58500,8422
58600,7864
58700,8491
58800,8133
58900,8193
59000,8126
59100,8061
59200,8122
59300,8372
59400,8346
59500,8115
59600,8035
59700,8128
59800,8183
59900,8268
60000,8372
60100,8120
60200,8032
60300,8158
60400,8117
60500,8022
60600,8310
60700,8109
60800,8177
60900,8213
61000,8218
61100,8084
61200,8205
61300,8044
61400,8552
61500,7865
61600,8512
61700,8283
61800,8444
61900,8333
62000,8186
62100,8310
62200,8311
62300,8150
62400,8082
62500,8108
62600,8190
62700,8185
62800,8206
62900,7969
63000,8196
63100,7999
63200,8101
63300,8299
63400,8357
63500,7921
63600,7972
63700,8326
63800,8311
63900,8296
64000,8152
64100,8183
64200,8194
64300,8377
64400,8126
64500,8408
64600,8109
64700,8402
64800,8054
64900,8170
65000,8477
65100,8017
65200,8293
65300,8277
65400,8220
65500,8141
65600,8467
65700,7953
65800,8298
65900,8180
66000,8087
66100,8163
66200,8289
66300,8204
66400,8106
66500,8197
66600,8293
66700,8237
66800,8265
66900,7978
67000,8067
67100,7957
67200,8228
67300,8111
67400,8192
67500,8281
67600,8180
67700,8215
67800,8104
67900,7994
68000,8029
68100,8064
68200,8084
68300,8084
68400,8297
68500,8271
68600,8224
68700,8483
68800,8209
68900,8093
69000,8071
69100,8094
69200,8234
69300,8366
69400,8330
69500,8318
69600,8246
69700,8117
69800,8031
69900,8100
70000,8056
70100,8202
70200,8296
70300,8247
70400,7939
70500,8104
70600,8140
70700,8266
70800,8447
70900,8468
71000,8187
71100,8011
71200,8234
71300,8170
71400,8366
71500,8289
71600,8229
71700,8199
71800,8209
71900,8092
72000,8123
72100,8167
72200,8189
72300,8345
72400,8188
72500,8247
72600,8132
72700,8341
72800,8029
72900,8216
73000,7968
73100,8212
73200,8175
73300,8204
73400,7875
73500,8150
73600,8364
73700,8380
73800,8147
73900,8220
74000,8426
74100,8401
74200,8435
74300,8016
74400,8036
74500,7862
74600,8256
74700,8272
74800,7908
74900,8237
75000,8369
75100,8180
75200,8138
75300,8080
75400,8093
75500,7933
75600,8272
75700,8198
75800,8125
75900,7929
76000,7863
76100,8033
76200,8410
76300,8346
76400,8265
76500,8127
76600,7895
76700,8247
76800,8225
76900,8188
77000,7952
77100,8178
77200,7998
77300,8502
77400,8321
77500,8283
77600,8255
77700,8098
77800,8142
77900,8081
78000,8404
78100,8044
78200,8072
78300,8080
78400,8257
78500,8015
78600,8368
78700,8089
78800,8061
78900,7843
79000,8161
79100,7882
79200,8187
79300,7978
79400,8240
79500,8418
79600,8324
79700,8032
79800,8096
79900,8074
80000,8262
80100,8314
80200,8030
80300,8343
80400,8141
80500,8217
80600,8321
80700,8403
80800,8141
80900,8092
81000,8006
81100,8477
81200,8286
81300,8255
81400,8189
81500,8239
81600,8067
81700,8067
81800,8259
81900,7912
82000,8389
82100,8108
82200,8153
82300,8151
82400,8264
82500,8337
82600,8538
82700,8267
82800,8037
82900,8204
83000,8006
83100,8274
83200,8060
83300,8013
83400,8030
83500,8511
83600,8127
83700,8131
83800,8171
83900,7907
84000,8073
84100,8119
84200,8106
84300,8181
84400,8159
84500,8240
84600,8204
84700,7838
84800,8209
84900,8032
85000,8068
85100,8348
85200,8162
85300,8157
85400,8481
85500,7830
85600,8215
85700,8125
85800,8000
85900,8228
86000,8342
86100,8186
86200,8403
86300,8132
86400,8346
86500,8225
86600,8180
86700,8012
86800,8319
86900,8017
87000,8170
87100,8193
87200,8321
87300,8153
87400,8140
87500,8022
87600,8165
87700,8147
87800,8356
87900,8295
88000,8050
88100,8152
88200,8300
88300,8622
88400,8406
88500,8054
88600,8059
88700,8171
88800,8141
88900,8169
89000,8149
89100,8194
89200,8237
89300,8064
89400,8279
89500,8102
89600,8138
89700,8349
89800,8165
89900,8273
90000,8336
90100,8254
90200,8122
90300,8295
90400,8347
90500,8233
90600,8229
90700,8027
90800,8270
90900,8104
91000,8319
91100,7917
91200,7816
91300,8534
91400,8442
91500,8240
91600,8183
91700,8257
91800,8303
91900,8091
92000,8009
92100,7872
92200,8385
92300,8022
92400,8102
92500,8308
92600,8403
92700,8197
92800,8131
92900,8047
93000,8254
93100,8436
93200,8303
93300,8068
93400,7841
93500,8425
93600,8058
93700,8233
93800,8313
93900,8147
94000,8199
94100,8278
94200,7951
94300,8059
94400,7910
94500,8046
94600,8164
94700,8214
94800,8361
94900,8092
95000,8000
95100,8076
95200,8270
95300,8132
95400,8266
95500,8209
95600,8256
95700,8202
95800,8036
95900,8042
96000,7935
96100,7839
96200,8318
96300,8343
96400,8068
96500,8086
96600,8136
96700,8005
96800,8281
96900,8182
97000,8042
97100,8187
97200,8057
97300,8383
97400,8402
97500,7852
97600,8304
97700,7859
97800,8243
97900,8053
98000,8048
98100,8250
98200,8169
98300,8234
98400,8289
98500,8175
98600,8417
98700,8146
98800,7827
98900,8089
99000,8057
99100,8187
99200,8401
99300,8422
99400,7952
99500,8459
99600,8015
99700,8073
99800,8092
99900,7803
100000,10
100100,1836
100200,5334
100300,7890
100400,8507
100500,8362
100600,8377
100700,8191
100800,8228
100900,8216
101000,8344
101100,8312
101200,8054
101300,8226
101400,8100
101500,8369
101600,8188
101700,8286
101800,8152
101900,8262
102000,8340
102100,7900
102200,7980
102300,8194
102400,8200
102500,8098
102600,7822
102700,8258
102800,8047
102900,8352
103000,8104
103100,8327
103200,8497
103300,8187
103400,7893
103500,8370
103600,7960
103700,8296
103800,8057
103900,8460
104000,8312
104100,8006
104200,8244
104300,8133
104400,8485
104500,8390
104600,8458
104700,8311
104800,8510
104900,8497
105000,8174
105100,8104
105200,8238
105300,8044
105400,8357
105500,8166
105600,8077
105700,8209
105800,8245
105900,8351
106000,7939
106100,7932
106200,8025
106300,8306
106400,7797
106500,8102
106600,7841
106700,8006
106800,8251
106900,8254
107000,8445
107100,8226
107200,8196
107300,8095
107400,8194
107500,7948
107600,8267
107700,8094
107800,8223
107900,8270
108000,7868
108100,8246
108200,8154
108300,8225
108400,8000
108500,8289
108600,8067
108700,8407
108800,8161
108900,8170
109000,7970
109100,8180
109200,8060
109300,8200
109400,8171
109500,8043
109600,7948
109700,8146
109800,8514
109900,8351
110000,8023
110100,8079
110200,8157
110300,7938
110400,8349
110500,7992
110600,7919
110700,8228
110800,7896
110900,8349
111000,8201
111100,8278
111200,8573
111300,8251
111400,8166
111500,8299
111600,8041
111700,8177
111800,8197
111900,8117
112000,8453
112100,7994
112200,8428
112300,8266
112400,8248
112500,8024
112600,8271
112700,8416
112800,8139
112900,8085
113000,7848
113100,8469
113200,8255
113300,7825
113400,8326
113500,8140
113600,8342
113700,8030
113800,8183
113900,8392
114000,7867
114100,8319
114200,8137
114300,8210
114400,8159
114500,8425
114600,8196
114700,7982
114800,8218
114900,8119
115000,8041
115100,8132
115200,8003
115300,7978
115400,8064
115500,7955
115600,8043
115700,8193
115800,8143
115900,7883
116000,8031
116100,8130
116200,8348
116300,8305
116400,8516
116500,8212
116600,8434
116700,8100
116800,7926
116900,8223
117000,8468
117100,8161
117200,7742
117300,8245
117400,8196
117500,8095
117600,8122
117700,7974
117800,8014
117900,7767
118000,8172
118100,8187
118200,8266
118300,8195
118400,8076
118500,8243
118600,8347
118700,8115
118800,8110
118900,7765
119000,8324
119100,7953
119200,8293
119300,8116
119400,8190
119500,8227
119600,8338
119700,8081
119800,8196
119900,8139
120000,8181
120100,8266
120200,8119
120300,8499
120400,8020
120500,8116
120600,7994
120700,8022
120800,8308
120900,8095
121000,8351
121100,8274
121200,8267
121300,8081
121400,8041
121500,8262
121600,8231
121700,8278
121800,7977
121900,8283
122000,8308
122100,8211
122200,8389
122300,8510
122400,8370
122500,8254
122600,8477
122700,8489
122800,8178
122900,8054
123000,8260
123100,8059
123200,8337
123300,8379
123400,8194
123500,7986
123600,8275
123700,8448
123800,8125
123900,8104
124000,7963
124100,7983
124200,8036
124300,8165
124400,8255
124500,8089
124600,8292
124700,7909
124800,8225
124900,8066
125000,8252
125100,8042
125200,8197
125300,7877
125400,8306
125500,8104
125600,8322
125700,8287
125800,8227
125900,8298
126000,8228
126100,8209
126200,8070
126300,8411
126400,8155
126500,8205
126600,8279
126700,8200
126800,8190
126900,8255
127000,7888
127100,8306
127200,8132
127300,8121
127400,7892
127500,7967
127600,7979
127700,8270
127800,8197
127900,7917
128000,8059
128100,8578
128200,8189
128300,7867
128400,8329
128500,8172
128600,8048
128700,8139
128800,8064
128900,8094
129000,8322
129100,8154
129200,8113
129300,8411
129400,8084
129500,8214
129600,7942
129700,8276
129800,8367
129900,8040
130000,8278
130100,8141
130200,8186
130300,8195
130400,8454
130500,8071
130600,7894
130700,8451
130800,8209
130900,8131
131000,8184
131100,8206
131200,8328
131300,8034
131400,8435
131500,8208
131600,8113
131700,8269
131800,8189
131900,8190
132000,8155
132100,8174
132200,7976
132300,8158
132400,8239
132500,8036
132600,8154
132700,8288
132800,8310
132900,8206
133000,7952
133100,8322
133200,8044
133300,8219
133400,8077
133500,8274
133600,7968
133700,8124
133800,8107
133900,8180
134000,8328
134100,8350
134200,8370
134300,8152
134400,8314
134500,8341
134600,8011
134700,7951
134800,8134
134900,8236
135000,7937
135100,8135
135200,8297
135300,8092
135400,8184
135500,8174
135600,8362
135700,8255
135800,7922
135900,7851
136000,8167
136100,8248
136200,8305
136300,8136
136400,8484
136500,8175
136600,8100
136700,8093
136800,8171
136900,8196
137000,8420
137100,8164
137200,8158
137300,8016
137400,8410
137500,8282
137600,8022
137700,7885
137800,8591
137900,8053
138000,8293
138100,8134
138200,8576
138300,8105
138400,7875
138500,8005
138600,8205
138700,8458
138800,8505
138900,8125
139000,8273
139100,8119
139200,8091
139300,8222
139400,8498
139500,8229
139600,8101
139700,8405
139800,8309
139900,7988
140000,8607
140100,8285
140200,8054
140300,8260
140400,7873
140500,8190
140600,8146
140700,8188
140800,8209
140900,8319
141000,8223
141100,8065
141200,8143
141300,8421
141400,8154
141500,8158
141600,8300
141700,8092
141800,8342
141900,8070
142000,8168
142100,8260
142200,8179
142300,8088
142400,8137
142500,8127
142600,8105
142700,8180
142800,8296
142900,8015
143000,8119
143100,8306
143200,8115
143300,8426
143400,8125
143500,8179
143600,8285
143700,8276
143800,8149
143900,8185
144000,8144
144100,8000
144200,8074
144300,8074
144400,8300
144500,8182
144600,8159
144700,8227
144800,8329
144900,8333
145000,8362
145100,8196
145200,8171
145300,7845
145400,7911
145500,8088
145600,8506
145700,8148
145800,8186
145900,8254
146000,8158
146100,8282
146200,8130
146300,8091
146400,8193
146500,8033
146600,8136
146700,8230
146800,8090
146900,8116
147000,8214
147100,8015
147200,8131
147300,8131
147400,8351
147500,8275
147600,8119
147700,8371
147800,8326
147900,8048
148000,8053
148100,8087
148200,7979
148300,8220
148400,8074
148500,8143
148600,7865
148700,8343
148800,8091
148900,8128
149000,7933
149100,7997
149200,8101
149300,8217
149400,8136
149500,8206
149600,8416
149700,7996
149800,8036
149900,7893
150000,8089
150100,8228
150200,7916
150300,7948
150400,8276
150500,8211
150600,8267
150700,8073
150800,8027
150900,8063
151000,8096
151100,8151
151200,7977
151300,8027
151400,8028
151500,8001
151600,8047
151700,8153
151800,7934
151900,8144
152000,8143
152100,8208
152200,8093
152300,8022
152400,8332
152500,8197
152600,8049
152700,8257
152800,8219
152900,8281
153000,8083
153100,7948
153200,8265
153300,7978
153400,8182
153500,8067
153600,7921
153700,8278
153800,8091
153900,8078
154000,8196
154100,8338
154200,8197
154300,7959
154400,8267
154500,8113
154600,8176
154700,8304
154800,8240
154900,8203
155000,7922
155100,8072
155200,8501
155300,8197
155400,8032
155500,8279
155600,8109
155700,8125
155800,8078
155900,8193
156000,8355
156100,8200
156200,8064
156300,8340
156400,7934
156500,8209
156600,7815
156700,8182
156800,8276
156900,8127
157000,7862
157100,7971
157200,7992
157300,8249
157400,8314
157500,8227
157600,8132
157700,8171
157800,8217
157900,8111
158000,8322
158100,8260
158200,8434
158300,8370
158400,8041
158500,8126
158600,8232
158700,8229
158800,7892
158900,8208
159000,8238
159100,7994
159200,8051
159300,8352
159400,8198
159500,8031
159600,8287
159700,8277
159800,8113
159900,8254
160000,8170
160100,8497
160200,8510
160300,7970
160400,8379
160500,8188
160600,8057
160700,8129
160800,8264
160900,8076
161000,8280
161100,8239
161200,8032
161300,8059
161400,8242
161500,8025
161600,8102
161700,8238
161800,8017
161900,8146
162000,8243
162100,8096
162200,8222
162300,7932
162400,7884
162500,8130
162600,8092
162700,8396
162800,8405
162900,8214
163000,8176
163100,8085
163200,8324
163300,8317
163400,8103
163500,8057
163600,8294
163700,8069
163800,8151
163900,7943
164000,8012
164100,8253
164200,8192
164300,7944
164400,7833
164500,8350
164600,7927
164700,7939
164800,8200
164900,8238
165000,8029
165100,8267
165200,8248
165300,8073
165400,8223
165500,8224
165600,8280
165700,8061
165800,8130
165900,8118
166000,8168
166100,8073
166200,8241
166300,8246
166400,8156
166500,8052
166600,8173
166700,7971
166800,8211
166900,8149
167000,8137
167100,8447
167200,8024
167300,8283
167400,8121
167500,8321
167600,8324
167700,8339
167800,8271
167900,8462
168000,8476
168100,8246
168200,8050
168300,8133
168400,8079
168500,7969
168600,8172
168700,8141
168800,8132
168900,8239
169000,8040
169100,8047
169200,8042
169300,7928
169400,8203
169500,8158
169600,8156
169700,8066
169800,7938
169900,8058
170000,8095
170100,8198
170200,8276
170300,8148
170400,8372
170500,8183
170600,7982
170700,8342
170800,8250
170900,8271
171000,8213
171100,8171
171200,8041
171300,8024
171400,7855
171500,8168
171600,8616
171700,8219
171800,8255
171900,8104
172000,8233
172100,8283
172200,8178
172300,7981
172400,7936
172500,8298
172600,8168
172700,8098
172800,7880
172900,8058
173000,8073
173100,8331
173200,8135
173300,7947
173400,7970
173500,8432
173600,8208
173700,7959
173800,8208
173900,8265
174000,8322
174100,8220
174200,8156
174300,8072
174400,8152
174500,8506
174600,8314
174700,7954
174800,8069
174900,8457
175000,8324
175100,8035
175200,7958
175300,8417
175400,8235
175500,8052
175600,8217
175700,7939
175800,8165
175900,8239
176000,8105
176100,8221
176200,8127
176300,7863
176400,7912
176500,8420
176600,8222
176700,8120
176800,8006
176900,8120
177000,8430
177100,7977
177200,7961
177300,8012
177400,8251
177500,8276
177600,7981
177700,8413
177800,7982
177900,8405
178000,8102
178100,7953
178200,8121
178300,8292
178400,8002
178500,8060
178600,8157
178700,8512
178800,8080
178900,8034
179000,8208
179100,8426
179200,7832
179300,7999
179400,8276
179500,8117
179600,8331
179700,8140
179800,7926
179900,8006
180000,7828
180100,8115
180200,8219
180300,8077
180400,8099
180500,8227
180600,8097
180700,8126
180800,8093
180900,8203
181000,8319
181100,8104
181200,8151
181300,8014
181400,7889
181500,7788
181600,8257
181700,8395
181800,8170
181900,8212
182000,8167
182100,8162
182200,8182
182300,8170
182400,8055
182500,8147
182600,8088
182700,8613
182800,8425
182900,8128
183000,7910
183100,8135
183200,8257
183300,8170
183400,8273
183500,8222
183600,8357
183700,8108
183800,8243
183900,8134
184000,8328
184100,8076
184200,8364
184300,7732
184400,7959
184500,8147
184600,8086
184700,8193
184800,8286
184900,8476
185000,8076
185100,8173
185200,7878
185300,8147
185400,7950
185500,8057
185600,8314
185700,8086
185800,7810
185900,8314
186000,8089
186100,8277
186200,8327
186300,8168
186400,8016
186500,8069
186600,8233
186700,8196
186800,8150
186900,8150
187000,8109
187100,8272
187200,8299
187300,8015
187400,8165
187500,8093
187600,8296
187700,7986
187800,8073
187900,8113
188000,8184
188100,8422
188200,8185
188300,8279
188400,8132
188500,8149
188600,8185
188700,7875
188800,8072
188900,8378
189000,8429
189100,8053
189200,8090
189300,8253
189400,7929
189500,7990
189600,8127
189700,8004
189800,8150
189900,7991
190000,7949
190100,8052
190200,8306
190300,8145
190400,8480
190500,8342
190600,7944
190700,8089
190800,8567
190900,8141
191000,8084
191100,8245
191200,7965
191300,8208
191400,8112
191500,8010
191600,8070
191700,8211
191800,7985
191900,8288
192000,8011
192100,8176
192200,8269
192300,8127
192400,7970
192500,8259
192600,8159
192700,8289
192800,8059
192900,8064
193000,8038
193100,8013
193200,8316
193300,8246
193400,8047
193500,8385
193600,8175
193700,8028
193800,7929
193900,8202
194000,8497
194100,8225
194200,7899
194300,8164
194400,8058
194500,8256
194600,8222
194700,8098
194800,8135
194900,8523
195000,8109
195100,8128
195200,8136
195300,8264
195400,8059
195500,8079
195600,8066
195700,8134
195800,8373
195900,8427
196000,8137
196100,8355
196200,7976
196300,8333
196400,7989
196500,8371
196600,7913
196700,8281
196800,8711
196900,8081
197000,8161
197100,8193
197200,8125
197300,8364
197400,8246
197500,8256
197600,8012
197700,8387
197800,8178
197900,8076
198000,8204
198100,7985
198200,8181
198300,8214
198400,8043
198500,8041
198600,8023
198700,8026
198800,8165
198900,7900
199000,8310
199100,8080
199200,7916
199300,8153
199400,8114
199500,8148
199600,8316
199700,7877
199800,7852
199900,8231
200000,8105
