update,total number of tasks solved
0,1
100,541
200,2282
300,5425
400,9600
500,15384
600,20766
700,22547
800,23112
900,21977
1000,22899
1100,22784
1200,22771
1300,22792
1400,22823
1500,22835
1600,22709
1700,22311
1800,22961
1900,22452
2000,22679
2100,22708
2200,22411
2300,22685
2400,23101
2500,22468
2600,22499
2700,22444
2800,22600
2900,22597
3000,22677
3100,23159
3200,22420
3300,23224
3400,22992
3500,22617
3600,23180
3700,23318
3800,22701
3900,22518
4000,22602
4100,22931
4200,22841
4300,23123
4400,22265
4500,22863
4600,22733
4700,22503
4800,22360
4900,22953
5000,22671
5100,22321
5200,22562
5300,22706
5400,23446
5500,23058
5600,22690
5700,22336
5800,22845
5900,22182
6000,22443
6100,22533
6200,22490
6300,22726
6400,22543
6500,22348
6600,22449
6700,22521
6800,22780
6900,22321
7000,22549
7100,22347
7200,22876
7300,22703
7400,22517
7500,22819
7600,22995
7700,22563
7800,22713
7900,22825
8000,22942
8100,23035
8200,22492
8300,23325
8400,22924
8500,22637
8600,22836
8700,23009
8800,22206
8900,22650
9000,22476
9100,22319
9200,22241
9300,22614
9400,22351
9500,22988
9600,22946
9700,22775
9800,22540
9900,23139
10000,22643
10100,22323
10200,22877
10300,22785
10400,22963
10500,22833
10600,23023
10700,22506
10800,22676
10900,22660
11000,22623
11100,22822
11200,22500
11300,22790
11400,22165
11500,23082
11600,22752
11700,22447
11800,22932
11900,22704
12000,22407
12100,22563
12200,22597
12300,22526
12400,22299
12500,23009
12600,22959
12700,22619
12800,22356
12900,22743
13000,23100
13100,22525
13200,22769
13300,22684
13400,22859
13500,22874
13600,22860
13700,22557
13800,22117
13900,22377
14000,22800
14100,23051
14200,22894
14300,22750
14400,22581
14500,23244
14600,22681
14700,23120
14800,22166
14900,22672
15000,22729
15100,22528
15200,22695
15300,22541
15400,22869
15500,22526
15600,23309
15700,22580
15800,22695
15900,23249
16000,22523
16100,22667
16200,22725
16300,22840
16400,22507
16500,22877
16600,22353
16700,22407
16800,22637
16900,22427
17000,22623
17100,22697
17200,22775
17300,22627
17400,22032
17500,22774
17600,22612
17700,22386
17800,22863
17900,22856
18000,22921
18100,22580
18200,22752
18300,22746
18400,22571
18500,22029
18600,22650
18700,23018
18800,22730
18900,22621
19000,22676
19100,22279
19200,23451
19300,22953
19400,22877
19500,22455
19600,22604
19700,22497
19800,22899
19900,22501
20000,22707
20100,22257
20200,22949
20300,22439
20400,22737
20500,22297
20600,22594
20700,23068
20800,22194
20900,22403
21000,22634
21100,22481
21200,22682
21300,22670
21400,22508
21500,22757
21600,23004
21700,22429
21800,22479
21900,22876
22000,22755
22100,22292
22200,22715
22300,22129
22400,22809
22500,22868
22600,22676
22700,22886
22800,22911
22900,22589
23000,22709
23100,22502
23200,22464
23300,22925
23400,23075
23500,22188
23600,22769
23700,22569
23800,22482
23900,22706
24000,22845
24100,22844
24200,22871
24300,22548
24400,22930
24500,23026
24600,23455
24700,22632
24800,23051
24900,22595
25000,22546
25100,22644
25200,22632
25300,22951
25400,22319
25500,22384
25600,22684
25700,22708
25800,22664
25900,22746
26000,22566
26100,22965
26200,22900
26300,22792
26400,22455
26500,23239
26600,22976
26700,22684
26800,22664
26900,22742
27000,22963
27100,22170
27200,22621
27300,22466
27400,22775
27500,22487
27600,22907
27700,22928
27800,22825
27900,22307
28000,22556
28100,22825
28200,22914
28300,22783
28400,22427
28500,22212
28600,22793
28700,22858
28800,22483
28900,22680
29000,22507
29100,22761
29200,22686
29300,22351
29400,22458
29500,22949
29600,22212
29700,22348
29800,23348
29900,22750
30000,22766
30100,22731
30200,22470
30300,22612
30400,22642
30500,22452
30600,22370
30700,22185
30800,22505
30900,22341
31000,22804
31100,22827
31200,22796
31300,22478
31400,22598
31500,22375
31600,22863
31700,23098
31800,22701
31900,22625
32000,22793
32100,22730
32200,22964
32300,22575
32400,22799
32500,22660
32600,22685
32700,23211
32800,22767
32900,22771
33000,22520
33100,22620
33200,22657
33300,23146
33400,22590
33500,22537
33600,22662
33700,22202
33800,22705
33900,22839
34000,22786
34100,22441
34200,22356
34300,22905
34400,22411
34500,22682
34600,23118
34700,22634
34800,22434
34900,22785
35000,22495
35100,22566
35200,22304
35300,22931
35400,23004
35500,22887
35600,22190
35700,22780
35800,22671
35900,22799
36000,22775
36100,22720
36200,22778
36300,22770
36400,22784
36500,22637
36600,22870
36700,22434
36800,23012
36900,22686
37000,22560
37100,22226
37200,22712
37300,22676
37400,23115
37500,22532
37600,22644
37700,22581
37800,22697
37900,22879
38000,23397
38100,22838
38200,22448
38300,23266
38400,22676
38500,22942
38600,23009
38700,22678
38800,22858
38900,22410
39000,22525
39100,23099
39200,22221
39300,23014
39400,22999
39500,22391
39600,22329
39700,22322
39800,22775
39900,22558
40000,22706
40100,22664
40200,22513
40300,22379
40400,21986
40500,22900
40600,22753
40700,22702
40800,22311
40900,22964
41000,22613
41100,22845
41200,22530
41300,22831
41400,21899
41500,22894
41600,22925
41700,22746
41800,22776
41900,22438
42000,22836
42100,22636
42200,22801
42300,22828
42400,22639
42500,22665
42600,22663
42700,22700
42800,22464
42900,22662
43000,22402
43100,22514
43200,22515
43300,22342
43400,21981
43500,22247
43600,22693
43700,22756
43800,22431
43900,22721
44000,22614
44100,23148
44200,22839
44300,22461
44400,22507
44500,22923
44600,22589
44700,22436
44800,22771
44900,22881
45000,22668
45100,22679
45200,23049
45300,22520
45400,22726
45500,22873
45600,22622
45700,22742
45800,22503
45900,22909
46000,22149
46100,22510
46200,22427
46300,23149
46400,22968
46500,23023
46600,23003
46700,22734
46800,22351
46900,22837
47000,22942
47100,22375
47200,22434
47300,22432
47400,22769
47500,22931
47600,22365
47700,22821
47800,22719
47900,22409
48000,22681
48100,22259
48200,23116
48300,22570
48400,22812
48500,22614
48600,22675
48700,22685
48800,23203
48900,22857
49000,22496
49100,22442
49200,22589
49300,22762
49400,22256
49500,22677
49600,22700
49700,22138
49800,22772
49900,22235
50000,22558
50100,22504
50200,22991
50300,22797
50400,23011
50500,23372
50600,23051
50700,22769
50800,22570
50900,22704
51000,22855
51100,22664
51200,22746
51300,22795
51400,23313
51500,22823
51600,22738
51700,22027
51800,22922
51900,22726
52000,22895
52100,22719
52200,22385
52300,22669
52400,22709
52500,22461
52600,22835
52700,22411
52800,22964
52900,22078
53000,23117
53100,22668
53200,22682
53300,22528
53400,22715
53500,22748
53600,22648
53700,22801
53800,22810
53900,22989
54000,22593
54100,22896
54200,22424
54300,22259
54400,22655
54500,22693
54600,22597
54700,22544
54800,22637
54900,22887
55000,23008
55100,22896
55200,22699
55300,22827
55400,22270
55500,22502
55600,22558
55700,23068
55800,22698
55900,22833
56000,22921
56100,22920
56200,22687
56300,22936
56400,22378
56500,22520
56600,22935
56700,22868
56800,22199
56900,22851
57000,22618
57100,22741
57200,22683
57300,22975
57400,22887
57500,22616
57600,22705
57700,22736
57800,22834
57900,22944
58000,22656
58100,22955
58200,22674
58300,22662
58400,22477
58500,23143
58600,22706
58700,22689
58800,22874
58900,22676
59000,22483
59100,22492
59200,22508
59300,22227
59400,22688
59500,22833
59600,22625
59700,22639
59800,22884
59900,23101
60000,22372
60100,22659
60200,22896
60300,22657
60400,22470
60500,23343
60600,22707
60700,22958
60800,22685
60900,22281
61000,22635
61100,22851
61200,22553
61300,22162
61400,22720
61500,22297
61600,22673
61700,22765
61800,22752
61900,22403
62000,22403
62100,22832
62200,22497
62300,22530
62400,22212
62500,22712
62600,22582
62700,22975
62800,22786
62900,22299
63000,23013
63100,22598
63200,22950
63300,22741
63400,22917
63500,22538
63600,22997
63700,22637
63800,22412
63900,22497
64000,23022
64100,23395
64200,22480
64300,22730
64400,22943
64500,22581
64600,22909
64700,22775
64800,22672
64900,23023
65000,22574
65100,23201
65200,22531
65300,22224
65400,22822
65500,22881
65600,22719
65700,22559
65800,22681
65900,22658
66000,22440
66100,22735
66200,22128
66300,22483
66400,22583
66500,22831
66600,23127
66700,22538
66800,22919
66900,22549
67000,23357
67100,22834
67200,22726
67300,22938
67400,22569
67500,22738
67600,22430
67700,22649
67800,22632
67900,22968
68000,22365
68100,22601
68200,22654
68300,23090
68400,22820
68500,22649
68600,22750
68700,22872
68800,22383
68900,22443
69000,22544
69100,22708
69200,22500
69300,22941
69400,22952
69500,22464
69600,22724
69700,22592
69800,22573
69900,23027
70000,22927
70100,22825
70200,22962
70300,22294
70400,22997
70500,22577
70600,23110
70700,22577
70800,22773
70900,22952
71000,22894
71100,22852
71200,22569
71300,22336
71400,22582
71500,22249
71600,22405
71700,22730
71800,22199
71900,21980
72000,22269
72100,23100
72200,22216
72300,22749
72400,22929
72500,22720
72600,22793
72700,23008
72800,22458
72900,21989
73000,22537
73100,22608
73200,22516
73300,22618
73400,22458
73500,22333
73600,22538
73700,23249
73800,22739
73900,22564
74000,23066
74100,22363
74200,22613
74300,22769
74400,22558
74500,22732
74600,22748
74700,22733
74800,22543
74900,22707
75000,22339
75100,22893
75200,22304
75300,22676
75400,22754
75500,22620
75600,22770
75700,22718
75800,22393
75900,22388
76000,22976
76100,22635
76200,22514
76300,22540
76400,23065
76500,22482
76600,22698
76700,22130
76800,22199
76900,23126
77000,22352
77100,22321
77200,22870
77300,22554
77400,22652
77500,22769
77600,22662
77700,22762
77800,22882
77900,22286
78000,22545
78100,22165
78200,22543
78300,22935
78400,22314
78500,23006
78600,22391
78700,23153
78800,22491
78900,22723
79000,22365
79100,22260
79200,23021
79300,22664
79400,23218
79500,22823
79600,22652
79700,22593
79800,22424
79900,22897
80000,22860
80100,22995
80200,22494
80300,22293
80400,22883
80500,23100
80600,22849
80700,23086
80800,22600
80900,22924
81000,22873
81100,22353
81200,22659
81300,22286
81400,22549
81500,22416
81600,22256
81700,22624
81800,22435
81900,22458
82000,22517
82100,22993
82200,22508
82300,22557
82400,22770
82500,22773
82600,22649
82700,22628
82800,22791
82900,22606
83000,22774
83100,22827
83200,22850
83300,22724
83400,22666
83500,23110
83600,23158
83700,22858
83800,22502
83900,22728
84000,22410
84100,22920
84200,22754
84300,22717
84400,22843
84500,22766
84600,22863
84700,22523
84800,22903
84900,22729
85000,22574
85100,22338
85200,22272
85300,22723
85400,23024
85500,22945
85600,22392
85700,22621
85800,23236
85900,23519
86000,22743
86100,22716
86200,22635
86300,22763
86400,22595
86500,22885
86600,22570
86700,22917
86800,22784
86900,22686
87000,22772
87100,22714
87200,22688
87300,22909
87400,22819
87500,22928
87600,22946
87700,22518
87800,22712
87900,22443
88000,22789
88100,22953
88200,22588
88300,22537
88400,22671
88500,22599
88600,22566
88700,22852
88800,22826
88900,22805
89000,22384
89100,22846
89200,22797
89300,22538
89400,23078
89500,23099
89600,22455
89700,22474
89800,22705
89900,22794
90000,22742
90100,22976
90200,22921
90300,22681
90400,22447
90500,22605
90600,22841
90700,22830
90800,22611
90900,22201
91000,22928
91100,23099
91200,22763
91300,22655
91400,22682
91500,22392
91600,22463
91700,22669
91800,22921
91900,22896
92000,22713
92100,22643
92200,22319
92300,22168
92400,22544
92500,22697
92600,22366
92700,22553
92800,22573
92900,22967
93000,22978
93100,22674
93200,22428
93300,22394
93400,22452
93500,22662
93600,22507
93700,23203
93800,22495
93900,22948
94000,22868
94100,22667
94200,22792
94300,22517
94400,22659
94500,22718
94600,22615
94700,22315
94800,22422
94900,22586
95000,22587
95100,22863
95200,22399
95300,22624
95400,23133
95500,23088
95600,22707
95700,22487
95800,22571
95900,22203
96000,22395
96100,22681
96200,22465
96300,22721
96400,22861
96500,22428
96600,23115
96700,22501
96800,22587
96900,22534
97000,22934
97100,22789
97200,23085
97300,22712
97400,22570
97500,22871
97600,23382
97700,22560
97800,22802
97900,23076
98000,22925
98100,22869
98200,22732
98300,22790
98400,22528
98500,22534
98600,22869
98700,22712
98800,22749
98900,23292
99000,22390
99100,22569
99200,22684
99300,22857
99400,22642
99500,22656
99600,22658
99700,23017
99800,22509
99900,22723
100000,14599
100100,19755
100200,22752
100300,22566
100400,22249
100500,22625
100600,22493
100700,22670
100800,22578
100900,22626
101000,22446
101100,22336
101200,22447
101300,22354
101400,22502
101500,22949
101600,22898
101700,22735
101800,22989
101900,22817
102000,22223
102100,22837
102200,22814
102300,22408
102400,22636
102500,22418
102600,23180
102700,22726
102800,22788
102900,22868
103000,22612
103100,23088
103200,22817
103300,22703
103400,22602
103500,22762
103600,22830
103700,22721
103800,22581
103900,22493
104000,22793
104100,22557
104200,22605
104300,22772
104400,22615
104500,23117
104600,22346
104700,22747
104800,22642
104900,22583
105000,22613
105100,23291
105200,22930
105300,22784
105400,22626
105500,22226
105600,22602
105700,23023
105800,22811
105900,22978
106000,22818
106100,22470
106200,22829
106300,22844
106400,22588
106500,22817
106600,22532
106700,22374
106800,22335
106900,22535
107000,22464
107100,22442
107200,22511
107300,22679
107400,23158
107500,22779
107600,22948
107700,23239
107800,22690
107900,22840
108000,22493
108100,22687
108200,22817
108300,22940
108400,22610
108500,22510
108600,22863
108700,22588
108800,22460
108900,23065
109000,23252
109100,22856
109200,22350
109300,22440
109400,22575
109500,22522
109600,22796
109700,22794
109800,23031
109900,22724
110000,22896
110100,22554
110200,23118
110300,22068
110400,22766
110500,22694
110600,23079
110700,22926
110800,22674
110900,22918
111000,22855
111100,22600
111200,23143
111300,22491
111400,22933
111500,22772
111600,22836
111700,22719
111800,22516
111900,23046
112000,22053
112100,22765
112200,23107
112300,22910
112400,23199
112500,22360
112600,23007
112700,22261
112800,22828
112900,22871
113000,22953
113100,22565
113200,23133
113300,22214
113400,22695
113500,22600
113600,22833
113700,22479
113800,22993
113900,22838
114000,22104
114100,23047
114200,23000
114300,22740
114400,22311
114500,22863
114600,22558
114700,22600
114800,22688
114900,22449
115000,22607
115100,22631
115200,22897
115300,22821
115400,22683
115500,22853
115600,22309
115700,22660
115800,22410
115900,22626
116000,22739
116100,22500
116200,22431
116300,22576
116400,22502
116500,22685
116600,22792
116700,22580
116800,22743
116900,22437
117000,23321
117100,22865
117200,22564
117300,22182
117400,22283
117500,22476
117600,22782
117700,22575
117800,22860
117900,22793
118000,22274
118100,22746
118200,22853
118300,23043
118400,22472
118500,23109
118600,22695
118700,22406
118800,22968
118900,22573
119000,22751
119100,22286
119200,22373
119300,22773
119400,22920
119500,22474
119600,22259
119700,23273
119800,22714
119900,22594
120000,22847
120100,23089
120200,22714
120300,23276
120400,22907
120500,23181
120600,22651
120700,22862
120800,22313
120900,22735
121000,22375
121100,22591
121200,22868
121300,23098
121400,22763
121500,22461
121600,23120
121700,22606
121800,22934
121900,22824
122000,22940
122100,22497
122200,22923
122300,22620
122400,22799
122500,22800
122600,22355
122700,22537
122800,22615
122900,22637
123000,23414
123100,22739
123200,22525
123300,22470
123400,22189
123500,22940
123600,22401
123700,22632
123800,22613
123900,22457
124000,22503
124100,22674
124200,22731
124300,22478
124400,22685
124500,22921
124600,22865
124700,22215
124800,22795
124900,22597
125000,22459
125100,22617
125200,22435
125300,23040
125400,22472
125500,22713
125600,22246
125700,22753
125800,22362
125900,23065
126000,22884
126100,22242
126200,22718
126300,22957
126400,22614
126500,22674
126600,22574
126700,22771
126800,22190
126900,22916
127000,22675
127100,22774
127200,22579
127300,22786
127400,22537
127500,22410
127600,22562
127700,22667
127800,23344
127900,22700
128000,22783
128100,22635
128200,22541
128300,22590
128400,22419
128500,22681
128600,22299
128700,22728
128800,22841
128900,22781
129000,23160
129100,22732
129200,22873
129300,22880
129400,22451
129500,22777
129600,22534
129700,22412
129800,22441
129900,22715
130000,22577
130100,23108
130200,23155
130300,22132
130400,22472
130500,22418
130600,23010
130700,22284
130800,22944
130900,22720
131000,22091
131100,22457
131200,23102
131300,22852
131400,22387
131500,22541
131600,22524
131700,22644
131800,22949
131900,22388
132000,23001
132100,22773
132200,22870
132300,22739
132400,22623
132500,22453
132600,23283
132700,22441
132800,22852
132900,22705
133000,22572
133100,22801
133200,22408
133300,21812
133400,22674
133500,22804
133600,22321
133700,22701
133800,22661
133900,22323
134000,22723
134100,22922
134200,22291
134300,22391
134400,22293
134500,22889
134600,23333
134700,23005
134800,22512
134900,22573
135000,22567
135100,22390
135200,22520
135300,23004
135400,23089
135500,22362
135600,22735
135700,22770
135800,22327
135900,22551
136000,22793
136100,22442
136200,22721
136300,23171
136400,22637
136500,22940
136600,22256
136700,22845
136800,22573
136900,22929
137000,22872
137100,22350
137200,22351
137300,22486
137400,22829
137500,22789
137600,22870
137700,23012
137800,23002
137900,22641
138000,22790
138100,23345
138200,22921
138300,22226
138400,22906
138500,23013
138600,22625
138700,23334
138800,22878
138900,23209
139000,22986
139100,22486
139200,22532
139300,22699
139400,22733
139500,22675
139600,22517
139700,22276
139800,22490
139900,22273
140000,23101
140100,23011
140200,22658
140300,23062
140400,22819
140500,23149
140600,23139
140700,22377
140800,22846
140900,22414
141000,22898
141100,22964
141200,23107
141300,22365
141400,22851
141500,23021
141600,22609
141700,22760
141800,22659
141900,22849
142000,22701
142100,22501
142200,22851
142300,22357
142400,22639
142500,22903
142600,22720
142700,22553
142800,22394
142900,22730
143000,22543
143100,22820
143200,22394
143300,22493
143400,22600
143500,22886
143600,22908
143700,22333
143800,22682
143900,22764
144000,22454
144100,22792
144200,22313
144300,22486
144400,22816
144500,22628
144600,22384
144700,22939
144800,22629
144900,22644
145000,23125
145100,22794
145200,23070
145300,22688
145400,23042
145500,22863
145600,22968
145700,22456
145800,22605
145900,22417
146000,22572
146100,23021
146200,22925
146300,23014
146400,22687
146500,22771
146600,22526
146700,22917
146800,22573
146900,22588
147000,22434
147100,22713
147200,22373
147300,22670
147400,22972
147500,22862
147600,22938
147700,23311
147800,22389
147900,22500
148000,22525
148100,22754
148200,22613
148300,22544
148400,22470
148500,22719
148600,22503
148700,23083
148800,22741
148900,23164
149000,22652
149100,22876
149200,22751
149300,22450
149400,22839
149500,22776
149600,22516
149700,23006
149800,22775
149900,22276
150000,22736
150100,22209
150200,22684
150300,22776
150400,22817
150500,22764
150600,23415
150700,22578
150800,22645
150900,23190
151000,22599
151100,22470
151200,22484
151300,23118
151400,22749
151500,22643
151600,22849
151700,22835
151800,22663
151900,22760
152000,22765
152100,23042
152200,22745
152300,22562
152400,22074
152500,22766
152600,22776
152700,22329
152800,22642
152900,22400
153000,22520
153100,22284
153200,22870
153300,22899
153400,22607
153500,23182
153600,22978
153700,22505
153800,22871
153900,22427
154000,22469
154100,22769
154200,22847
154300,22743
154400,22950
154500,22491
154600,22965
154700,23089
154800,22955
154900,22764
155000,22954
155100,23026
155200,23249
155300,22438
155400,22259
155500,23211
155600,23475
155700,22445
155800,22698
155900,22938
156000,22672
156100,22445
156200,22251
156300,22625
156400,22420
156500,22782
156600,22699
156700,23013
156800,22724
156900,22613
157000,22907
157100,23031
157200,22611
157300,22983
157400,22980
157500,22676
157600,22740
157700,22501
157800,22842
157900,22856
158000,22541
158100,22942
158200,22406
158300,22281
158400,22619
158500,22670
158600,22462
158700,22396
158800,23190
158900,22863
159000,22799
159100,22222
159200,22873
159300,22902
159400,23142
159500,22796
159600,22953
159700,22885
159800,22853
159900,22937
160000,22571
160100,22712
160200,22696
160300,22615
160400,22909
160500,22300
160600,22335
160700,22614
160800,22720
160900,22983
161000,22723
161100,23010
161200,23049
161300,22889
161400,22676
161500,22554
161600,22583
161700,22791
161800,22499
161900,23509
162000,22573
162100,22941
162200,23024
162300,22468
162400,22363
162500,22399
162600,22740
162700,22992
162800,23084
162900,22648
163000,22582
163100,22600
163200,22966
163300,22648
163400,22678
163500,22617
163600,22874
163700,23373
163800,22511
163900,22269
164000,22274
164100,22519
164200,22948
164300,22511
164400,22804
164500,22696
164600,22434
164700,22382
164800,23168
164900,22916
165000,22916
165100,23071
165200,22160
165300,22721
165400,22245
165500,22787
165600,22713
165700,22659
165800,23003
165900,22673
166000,22851
166100,22709
166200,23113
166300,22900
166400,22672
166500,22447
166600,22713
166700,22838
166800,22427
166900,22556
167000,22813
167100,22099
167200,22772
167300,22158
167400,22727
167500,22595
167600,22544
167700,22725
167800,22977
167900,22730
168000,22824
168100,22931
168200,22664
168300,22380
168400,22699
168500,22784
168600,22534
168700,22866
168800,22569
168900,22437
169000,22197
169100,22141
169200,22692
169300,22687
169400,22384
169500,22591
169600,22613
169700,22346
169800,23083
169900,23233
170000,22808
170100,22394
170200,22629
170300,23085
170400,22612
170500,22988
170600,22582
170700,22547
170800,22753
170900,22611
171000,22872
171100,22632
171200,22712
171300,22598
171400,22260
171500,22370
171600,22575
171700,22913
171800,22413
171900,22152
172000,22483
172100,22492
172200,22831
172300,22721
172400,22685
172500,22727
172600,22626
172700,22829
172800,22595
172900,22701
173000,23293
173100,22100
173200,22732
173300,22494
173400,22818
173500,22298
173600,22067
173700,22825
173800,22645
173900,22768
174000,22700
174100,22669
174200,22740
174300,22399
174400,22585
174500,22918
174600,23067
174700,22869
174800,22737
174900,22936
175000,22401
175100,22579
175200,22385
175300,22767
175400,22724
175500,22533
175600,22866
175700,22886
175800,22938
175900,22259
176000,22918
176100,23153
176200,22329
176300,22779
176400,22780
176500,22385
176600,22720
176700,22504
176800,22586
176900,22833
177000,23048
177100,22762
177200,22792
177300,23138
177400,22617
177500,22423
177600,22811
177700,22680
177800,22465
177900,22719
178000,22382
178100,22088
178200,23085
178300,22701
178400,22455
178500,22534
178600,22663
178700,23037
178800,22428
178900,22717
179000,22691
179100,22316
179200,23001
179300,22774
179400,22560
179500,22625
179600,22526
179700,22760
179800,23240
179900,22805
180000,22851
180100,22836
180200,22694
180300,22224
180400,22703
180500,22504
180600,22942
180700,22701
180800,22381
180900,22938
181000,22447
181100,22711
181200,22666
181300,22818
181400,22658
181500,22474
181600,22837
181700,22692
181800,22819
181900,22540
182000,22408
182100,22287
182200,22769
182300,22860
182400,22768
182500,22933
182600,22355
182700,23083
182800,22889
182900,23149
183000,22918
183100,22606
183200,22666
183300,22603
183400,22685
183500,22520
183600,22557
183700,22585
183800,22568
183900,22175
184000,22746
184100,22696
184200,22584
184300,22417
184400,22544
184500,22248
184600,22771
184700,23248
184800,22760
184900,22679
185000,22981
185100,22796
185200,22835
185300,22590
185400,22806
185500,22664
185600,22250
185700,22446
185800,22821
185900,23023
186000,22615
186100,22436
186200,22016
186300,22664
186400,22351
186500,22512
186600,22615
186700,22954
186800,22734
186900,22785
187000,22753
187100,22960
187200,22391
187300,22534
187400,22594
187500,22812
187600,23064
187700,22760
187800,22622
187900,22730
188000,22988
188100,22457
188200,22965
188300,22931
188400,22567
188500,22369
188600,22890
188700,22524
188800,22391
188900,22812
189000,22554
189100,22837
189200,22603
189300,22811
189400,22741
189500,22238
189600,23159
189700,22752
189800,22620
189900,22435
190000,22813
190100,22631
190200,22176
190300,23241
190400,22577
190500,23165
190600,22820
190700,22539
190800,22644
190900,22588
191000,22687
191100,22590
191200,22709
191300,22603
191400,22610
191500,22419
191600,22868
191700,22627
191800,22927
191900,23049
192000,22527
192100,22603
192200,22635
192300,22776
192400,23288
192500,22808
192600,22940
192700,22384
192800,22564
192900,22541
193000,23171
193100,22804
193200,22570
193300,22872
193400,22866
193500,22671
193600,22388
193700,22341
193800,22995
193900,22943
194000,22790
194100,22653
194200,22947
194300,22759
194400,23241
194500,22905
194600,22616
194700,22364
194800,22529
194900,22782
195000,23157
195100,22305
195200,23166
195300,22741
195400,22948
195500,22827
195600,22541
195700,22914
195800,22860
195900,23153
196000,22813
196100,22434
196200,22391
196300,22565
196400,22587
196500,22867
196600,22318
196700,22879
196800,22442
196900,22482
197000,22222
197100,22348
197200,22466
197300,22537
197400,22363
197500,22736
197600,22654
197700,22593
197800,22417
197900,22714
198000,22577
198100,22892
198200,22572
198300,22544
198400,22788
198500,22542
198600,23014
198700,23226
198800,22645
198900,22882
199000,22386
199100,22735
199200,22729
199300,22758
199400,22656
199500,22901
199600,22503
199700,22613
199800,23153
199900,22758
200000,22997
